60
54.3588
62.5468
69.1755
73.3306
76.5049
79.2747
81.1495
82.5278
83.1522
83.7496
84.6428
85.0722
85.5949
86.1002
86.3504
86.9484
87.5511
87.9438
88.5019
88.5919
88.8603
88.8543
88.8765
89.0025
89.2298
89.3051
89.4304
89.5411
89.4302
89.4352
89.4092
89.2888
89.296
89.4541
89.6365
89.8126
89.8216
89.7045
89.6555
89.7324
89.674
89.5217
89.5988
89.4329
89.257
89.2582
89.1722
89.0298
89.0198
89.0249
88.8498
88.7958
88.7907
88.7154
88.8139
88.9143
88.9451
89.0199
89.1438
89.9358
91.2425
91.291
91.1643
91.2061
91.1379
90.9723
90.9447
90.8598
90.9043
90.9787
90.825
90.6823
90.5149
90.2584
90.0977
89.8913
89.6868
89.5948
89.4546
89.5452
89.4834
89.5225
85.5984
85.4854
85.4686
85.5042
85.502
85.5281
85.5942
85.5637
85.4962
85.4883
85.3718
85.3652
85.2724
85.0453
84.9711
85.0372
85.0685
85.0955
85.096
85.0301
84.9127
85.0679
85.2244
85.2715
85.3714
85.4726
85.4775
85.4677
85.4061
85.3124
85.3282
85.3505
85.1724
85.0612
84.9755
84.7398
84.554
84.4687
84.2488
84.2345
84.2213
84.0546
83.8922
83.7717
83.6308
83.434
83.3508
83.3485
83.4411
83.4325
83.5096
83.6028
83.6336
83.6651
83.6352
83.4901
83.3401
83.2403
83.1423
82.9861
86.5504
86.6266
86.433
86.2415
86.2118
86.1066
85.9404
85.8128
85.8497
85.7021
85.7153
85.6163
85.505
85.5451
85.5633
85.5069
85.3564
85.1253
85.1404
85.2259
85.148
85.0957
85.0893
84.8757
84.7227
84.7511
84.5232
84.4085
84.5705
84.8209
84.8406
84.8811
85.032
85.0524
85.1824
85.4294
85.5793
85.7095
85.9491
85.953
85.9399
85.8292
85.8297
85.9717
86.017
86.1571
86.264
86.2917
86.2785
86.513
86.4585
86.4186
86.6123
86.6757
86.7605
86.985
87.1791
87.0679
87.1959
87.2599
87.2891
87.3352
87.5493
87.6125
87.6858
87.6134
87.7209
87.943
88.1032
88.3551
88.5881
88.5076
88.5121
88.5681
88.6475
88.6471
88.7938
88.9818
88.9098
88.9121
88.9722
88.937
88.8388
89.0433
89.0725
88.9322
89.2422
89.4525
89.4223
89.3197
89.3576
89.3517
89.444
85.9472
86.058
85.9588
85.9902
86.0322
86.0255
86.1081
86.2476
86.5258
86.7937
86.8411
86.956
87.1159
87.1131
87.1182
87.1068
87.0457
87.2437
87.3846
87.2699
87.2916
87.2116
87.0748
87.0236
87.0103
86.9257
87.1349
87.4087
87.4311
87.4825
87.6558
87.6726
87.922
87.9753
88.0672
87.9725
87.8614
87.8628
87.8488
87.8755
87.895
87.9552
87.9936
88.1105
88.1662
88.2463
88.2758
88.4456
88.4833
88.5833
88.3888
88.3878
88.5285
88.4939
88.3711
88.4932
88.4332
88.3446
88.359
88.2519
91.8566
91.6234
91.5773
91.398
91.1733
91.1846
90.9855
90.8488
90.8553
90.591
90.512
90.4942
90.4025
90.2966
90.2037
90.2218
90.204
90.0651
89.9821
90.0402
90.0207
90.0808
90.2278
90.2428
90.3799
90.5332
90.4323
90.1821
90.1699
90.0548
89.8521
89.8276
89.8389
89.9429
89.9129
89.9102
89.9062
89.8506
90.0015
90.0215
90.1436
90.1167
90.1291
90.0973
89.9912
90.0859
90.1275
89.862
89.9611
90.0637
90.0339
90.1046
90.1316
90.1429
90.2621
90.3791
90.486
90.6
90.7342
90.7382
90.9633
91.1625
91.2327
91.3839
91.5428
91.5429
91.8068
91.8577
91.8259
92.0303
92.0829
92.1208
92.1375
92.2053
92.3163
92.1888
92.2186
92.277
92.3181
92.2711
92.3718
92.4652
92.4778
92.5774
92.602
92.6051
92.7161
92.804
92.8731
92.9308
93.0656
93.0366
92.8927
92.8287
92.7703
92.7631
92.9651
92.9972
93.057
93.2537
93.1172
93.0922
93.2196
93.1424
93.1844
93.2443
93.2748
93.4936
93.5027
93.318
93.5771
93.7196
93.694
93.7467
93.7585
93.626
93.6026
93.5788
93.4583
93.4322
93.3415
93.1548
89.5723
89.3722
89.3355
88.9651
88.5247
88.1787
87.8722
87.8478
87.7577
87.716
87.7663
87.7389
87.6823
87.8396
87.8141
87.8813
87.9078
87.9785
87.9267
87.9073
87.8515
87.8233
87.6801
87.5336
87.3885
86.9326
86.6836
86.571
86.5604
86.3722
86.2688
86.2431
86.0702
85.9508
85.8117
85.8426
85.7747
85.722
85.5509
85.3893
85.2206
85.1275
85.0394
84.8722
84.9394
84.9242
84.8738
85.0452
85.0364
84.9939
84.9731
84.7553
84.5178
84.4776
84.4901
84.3136
84.2801
84.3162
84.2051
84.1465
87.2449
87.2454
87.1656
87.431
87.6
87.9045
88.2265
88.2444
88.4002
88.4645
88.5726
88.8489
88.9644
89.1099
89.3363
89.51
89.8444
90.0009
90.1399
90.4189
90.7881
91.0271
91.4966
91.7553
92.1219
92.8956
93.518
93.9754
94.4721
95.0621
95.6648
96.1107
96.8353
97.4999
98.2121
98.5984
99.2548
99.6478
100.609
101.316
102.148
103.027
103.813
104.69
105.136
105.703
106.244
106.897
107.759
108.513
109.407
110.471
111.617
112.673
113.555
114.829
115.816
116.829
118.136
119.182
120.533
121.862
123.244
124.437
125.819
127.121
128.258
129.498
130.696
131.792
132.964
133.981
135.018
136.149
137.105
137.85
138.784
140.052
141.034
141.964
142.646
143.785
144.834
146.124
147.155
148.378
149.07
150
150.75
151.612
152.443
153.361
153.773
154.611
155.33
155.735
156.25
157.177
157.822
158.81
159.212
159.754
160.674
161.056
162.044
163.284
164.165
164.569
164.941
165.332
165.842
166.291
166.291
166.695
167.298
167.252
167.967
168.385
168.466
169.333
169.729
170.11
170.324
170.812
171.068
171.3
171.492
171.307
171.514
172.05
172.027
172.19
172.642
172.627
172.902
173.499
173.335
173.324
173.96
174.117
174.617
174.713
174.827
175.245
175.49
175.381
175.796
176.046
175.605
176.027
176.315
176.247
176.831
177.097
176.558
177.182
177.44
177.933
177.906
178.069
177.775
177.913
177.893
177.861
177.878
177.857
177.921
177.851
177.726
177.873
177.694
177.909
178.642
178.525
178.274
178.786
178.776
178.599
178.906
179.107
178.908
179.162
179.312
179.139
179.579
179.722
180.016
180.689
180.93
181.018
181.131
181.315
181.551
181.584
181.778
181.916
182.047
182.321
182.249
182.28
182.362
182.503
182.478
182.462
182.626
183.169
183.08
183.214
183.998
183.011
182.951
183.403
182.854
182.852
183.557
183.475
183.583
183.59
183.292
183.463
184.325
184.066
184.079
184.433
184.227
184.348
184.696
184.648
184.999
185.281
185.155
185.351
185.651
185.42
185.612
185.507
184.969
185.174
185.233
184.467
184.618
184.368
183.793
183.927
183.908
183.506
183.387
183.41
183.079
182.956
183.094
182.75
182.507
182.803
182.488
182.541
182.913
182.573
182.721
183.008
182.629
182.555
182.788
182.376
182.158
182.024
181.834
181.688
181.442
182.185
182.226
182.198
182.812
182.502
182.138
181.99
181.908
181.845
182.28
181.995
181.81
181.982
181.302
181.651
182.49
182.544
182.728
183.24
183.451
183.637
184.446
184.884
185.188
185.712
186.004
186.432
187.469
187.779
188.199
189.104
189.446
190.181
190.906
191.196
191.617
192.302
192.638
192.452
193.008
193.086
193.406
193.865
194.183
194.292
194.762
195.119
194.755
195.239
195.515
195.533
196.208
196.621
196.775
197.442
197.756
198.219
198.733
199.046
199.673
199.948
200.062
200.421
200.698
200.691
201.408
201.998
202.079
202.273
202.476
202.844
203
203.33
204.538
204.347
204.088
204.074
203.697
203.524
203.571
203.047
202.978
203.019
202.738
202.724
202.687
202.718
202.426
202.536
202.473
202.222
202.36
202.134
202.444
202.175
201.917
201.638
200.941
200.787
200.988
201.143
201.297
201.179
201.374
201.552
201.413
200.339
199.846
199.652
199.34
198.788
198.824
198.797
198.661
198.903
199.156
199.005
198.861
198.715
198.662
197.92
197.613
197.235
197.014
197.77
197.847
198.01
198.361
198.623
198.867
198.658
199.006
199.061
198.398
198.054
197.94
197.47
197.578
197.537
197.034
197.367
197.015
196.717
196.535
196.468
196.351
195.943
196.133
196.139
195.948
196.445
196.318
196.505
196.276
196.815
196.935
197.138
198
198.695
198.41
198.289
198.245
198.68
197.959
198.081
197.874
198.698
199.876
200.173
200.284
200.37
200.159
199.897
200.043
199.708
199.424
199.282
199.339
199.408
199.464
200.236
200.541
200.833
200.267
200.045
199.864
199.839
199.643
199.21
198.823
198.749
198.137
197.789
197.862
197.659
197.055
197.611
197.854
198.26
198.555
198.795
199.077
199.144
199.458
199.578
199.594
199.45
199.086
198.686
198.016
197.332
196.975
196.494
196.043
195.607
194.819
193.91
193
192.562
192.422
192.024
191.485
190.824
191.113
190.378
190.367
190.053
189.081
188.786
188.711
188.837
188.653
188.502
187.934
187.896
187.74
187.101
186.836
186.637
185.768
185.579
185.195
184.783
184.965
184.648
184.432
184.421
184.173
183.805
183.889
184.369
184.747
185.248
185.585
186.235
186.834
186.937
186.972
186.619
186.879
186.969
186.941
187.137
186.98
187.05
186.791
186.848
186.96
187.192
188.077
188.659
188.936
189.383
189.895
190.177
190.778
191.779
192.562
192.726
192.911
193.539
193.886
193.861
193.939
194.414
194.637
194.626
195.296
194.639
194.647
194.873
194.936
195.195
195.86
196.199
195.319
196.293
196.863
196.897
197.871
198.477
198.9
199.322
199.928
200.585
200.186
200.073
200.326
200.776
201.118
201.186
201.176
201.079
201.401
200.977
200.602
200.425
200.329
200.4
181.481
181.405
181.332
180.847
180.882
180.902
181.1
181.623
181.784
181.625
181.403
181.2
181.346
180.904
180.757
180.903
180.731
180.669
180.578
180.665
180.748
180.639
180.553
180.815
180.9
180.945
181.122
181.441
181.743
182.557
182.549
182.913
183.107
183.071
183.026
182.901
183.866
183.409
183.233
183.499
182.929
182.614
182.58
182.369
182.223
181.93
182.349
182.372
182.34
182.603
181.861
181.527
181.464
181.054
180.909
180.688
180.597
180.696
180.55
179.968
198.139
197.875
197.378
197.347
197.263
196.584
196.641
196.054
195.469
195.45
195.613
195.822
195.736
196.341
196.633
196.455
196.803
196.822
196.931
196.531
196.686
196.896
197.05
197.368
197.503
197.579
197.399
197.497
197.352
197.162
197.577
197.352
197.248
196.529
196.502
196.616
196.527
196.75
196.694
196.364
196.824
196.885
196.795
197.157
197.151
197.029
197.081
197.13
197.116
195.631
196.135
196.284
195.785
196.383
196.152
196.276
197.086
197.252
197.433
198.325
198.664
198.692
199.031
199.238
199.352
199.578
199.729
199.688
199.485
199.287
198.622
197.486
197.042
196.323
195.278
194.706
194.366
193.28
192.607
192.654
191.847
191.211
190.862
190.117
189.743
189.382
189.01
188.639
187.605
187.414
186.793
186.326
186.008
186.146
185.675
185.26
184.787
184.309
184.116
183.896
183.191
182.708
182.498
181.763
181.335
181.308
180.787
180.456
180.163
180.518
180.207
179.862
179.467
178.865
178.764
178.365
177.717
177.227
176.883
176.55
176.082
175.861
175.744
175.369
175.07
174.91
173.73
173.757
174.025
173.574
173.41
173.824
173.427
173.559
173.898
173.887
173.681
174.253
174.236
173.98
174.188
174.109
174.032
174.306
174.189
173.553
173.545
173.557
174.023
173.735
173.915
173.961
173.729
173.945
173.953
173.634
173.777
174.075
173.875
173.98
174.286
174.25
174.245
174.33
174.149
174.001
174.217
173.812
173.817
174.284
173.783
173.881
174.414
174.171
173.895
173.936
173.987
174.087
174.03
173.973
174.197
173.857
173.832
174.128
173.946
174.127
175.075
174.946
174.924
175.394
175.481
175.654
175.951
175.505
175.672
175.76
175.532
175.442
175.641
175.524
175.298
175.416
175.281
175.118
175.117
175.295
175.447
175.244
174.684
174.881
174.925
174.605
174.842
174.62
174.794
175.11
175.286
175.231
175.436
175.468
175.316
175.689
174.729
174.924
175.139
174.849
174.952
175.337
175.174
175.286
175.755
175.32
175.451
175.656
175.679
176.141
176.377
176.103
176.361
176.569
176.344
176.86
177.065
176.936
177.262
177.451
177.295
177.648
177.779
177.679
177.95
177.918
178.148
178.24
178.214
178.377
178.622
178.728
178.784
178.709
178.993
179.132
179.376
179.531
179.695
179.647
179.791
180.013
180.278
180.541
180.498
180.805
180.925
181.215
181.051
181.039
181.001
180.762
180.858
180.984
180.959
179.059
179.906
179.819
179.8
179.843
179.668
179.771
179.806
179.541
179.482
179.666
179.573
179.74
179.585
179.464
179.453
179.199
179.195
179.115
178.87
178.705
178.622
178.176
178.066
178.011
177.702
177.565
177.551
176.948
177.355
177.662
177.601
178.493
178.709
179.1
179.869
179.827
180.287
181.106
181.626
182.003
182.359
182.98
183.416
184.144
183.854
184.111
185.112
184.733
184.572
185.264
185.659
186.128
186.653
187.285
187.816
188.522
188.887
189.154
189.642
192.349
192.645
192.059
192.239
192.409
192.303
192.292
192.669
192.645
192.84
192.999
192.718
192.775
193.032
192.419
192.423
193.048
192.648
192.335
192.838
192.313
191.707
192.558
192.726
192.388
193.063
192.557
192.593
193.658
192.168
191.864
191.92
191.157
191.029
191.072
190.389
190.699
190.416
190.175
189.966
189.87
189.876
189.403
189.15
189.488
189.981
190.177
190.018
190.768
191.354
191.313
191.462
191.327
191.542
191.519
191.392
191.214
191.341
191.631
192.116
191.58
192.251
193.556
194.001
194.963
195.943
196.387
196.636
197.568
198.274
199.112
199.874
200.511
201.384
202.549
203.138
203.722
204.738
205.551
206.282
207.567
208.797
208.998
209.44
210.026
210.214
211.466
211.863
212.291
213.659
213.933
214.238
214.892
215.186
214.986
215.908
215.784
215.844
216.399
216.451
216.778
216.88
216.815
216.919
216.671
217.027
217.097
217.043
217.485
217.498
217.283
217.1
216.563
216.78
216.35
216.582
216.78
216.857
216.747
216.376
216.591
216.427
216.625
216.982
217.006
216.881
217.06
217.266
217.146
217.026
216.859
216.927
216.846
216.842
217.013
217.148
217.195
217.431
217.698
217.7
217.827
218.127
218.58
218.792
219.038
219.095
219.221
219.046
219.177
219.733
220.061
219.947
220.172
220.423
220.754
220.331
220.768
221.089
220.39
220.66
220.512
220.493
220.757
221.027
220.933
220.478
220.519
220.846
219.991
219.826
220.132
220.331
220.655
220.523
220.774
220.675
220.572
220.255
220.055
220.081
219.579
219.624
219.346
218.744
218.585
218.554
218.532
217.955
217.995
217.823
217.658
217.688
217.405
217.475
216.571
216.035
215.75
215.239
215.198
214.91
214.924
213.713
213.566
213.494
213.343
213.688
213.671
213.605
212.917
212.616
212.431
212.524
212.596
212.344
212.235
212.052
212.049
211.982
212.193
212.083
212.102
212.184
211.743
211.671
211.986
212.087
211.873
211.627
212.14
211.96
211.853
211.621
211.95
211.351
211.226
210.926
210.805
210.741
210.68
210.567
211.163
210.934
210.64
210.14
209.739
209.546
208.974
209.386
209.08
209.024
208.952
208.779
208.583
208.037
208.642
208.621
208.361
208.21
208.002
208.162
207.912
208.594
208.189
207.732
207.68
207.604
207.518
207.344
207.679
207.651
207.269
207.463
207.252
207.362
207.293
207.698
207.685
207.445
207.799
207.767
207.819
207.524
208.152
208.201
208.039
207.912
207.704
207.852
207.224
207.239
207.01
206.836
206.831
207.084
207.262
207.026
207.526
207.786
207.775
207.842
207.737
207.876
207.747
208.55
208.957
209.042
209.832
209.933
210.226
210.221
210.519
210.849
211.424
211.236
211.384
211.718
211.559
211.805
212.117
211.938
212.168
212.32
212.719
212.989
213.25
213.338
213.448
213.74
214.048
214.363
214.958
215.029
215.331
215.55
215.535
215.543
215.658
215.984
215.878
216.057
216.165
216.677
216.539
216.738
217.005
217.598
217.889
218.032
218.786
219.273
219.686
220.17
220.311
220.576
220.76
221.418
221.293
221.242
221.648
221.94
220.06
218.797
219.118
219.288
218.978
219.247
219.193
219.29
219.486
218.573
218.723
218.294
218.364
219.305
219.65
219.707
220.516
220.704
220.718
221.254
221.411
221.735
221.836
221.41
201.631
201.148
200.783
200.285
199.887
199.479
198.675
198.324
197.881
197.423
197.014
196.541
196.074
195.221
194.989
194.429
193.556
193.086
192.746
191.943
191.55
191.014
190.244
189.816
189.118
188.376
187.879
187.379
186.684
186.325
185.934
185.502
184.802
184.455
183.955
183.124
184.338
185.021
184.502
184.077
183.996
183.26
182.926
182.625
181.922
182.464
182.043
180.978
180.578
180.025
179.58
178.925
178.529
178.555
178.083
177.757
177.603
177.211
177.163
177.465
192.625
192.807
193.035
193.717
194.143
194.259
195.068
195.434
195.601
195.659
196.09
196.496
196.685
197.496
197.773
198.241
198.128
198.378
198.771
198.65
198.906
199.125
199.701
199.915
200.591
201.335
201.329
201.694
202.105
202.114
202.233
202.334
202.878
203.205
203.494
204.258
204.247
204.266
204.681
204.879
205.249
205.787
206.122
206.094
206.876
207.294
206.735
208.507
208.761
209.426
209.555
210.528
211.099
211.08
211.264
211.439
211.544
211.74
211.767
212.061
212.23
212.327
212.537
212.567
212.199
212.306
212.372
212.425
212.502
212.954
212.931
212.874
212.87
212.614
212.777
212.639
213.497
213.701
213.478
214.271
213.414
213.769
214.14
213.362
213.02
213.12
213.353
213.314
213.43
214.009
214.46
214.85
215.233
215.181
215.411
215.8
216.371
216.604
216.904
217.037
216.717
216.83
216.717
217.197
216.852
216.711
217.746
217.308
216.962
216.875
217.198
216.74
216.275
215.618
215.804
215.339
215.165
215.437
215.271
215.159
214.923
215.202
214.723
214.794
214.687
214.924
214.407
214.379
214.303
213.867
214.033
214.106
214.353
214.205
214.099
213.892
213.781
213.504
213.861
214.077
214.774
214.488
214.55
215.647
215.781
215.609
215.667
215.465
215.516
215.429
215.113
214.25
214.147
214.321
214.061
213.756
213.493
213.656
213.19
213.314
213.543
213.408
213.49
213.207
213.091
212.69
212.301
212.326
212.53
212.527
212.255
212.47
212.543
213.021
213.205
213.46
213.376
213.37
213.464
213.118
213.004
212.852
212.951
212.395
212.573
212.463
212.508
212.419
212.389
212.428
212.014
211.602
211.536
211.483
211.528
211.827
211.824
211.781
211.738
211.406
211.413
211.661
211.323
210.975
211.348
211.526
211.638
211.809
211.987
212.027
212.213
212.858
212.733
212.49
212.585
212.884
212.948
212.846
213.337
213.121
213.044
213.476
213.586
213.85
213.973
214.579
214.84
214.645
214.951
214.576
214.681
214.662
214.984
214.983
214.818
215.101
215.05
214.934
214.804
215.161
214.867
214.77
215.087
215.413
215.179
215.25
215.401
213.714
213.086
213.195
213.179
213.661
213.556
213.968
213.868
213.642
213.824
213.717
213.426
213.491
213.614
213.635
213.602
213.421
212.763
212.399
212.267
212.226
212.172
211.988
211.411
210.916
210.392
210.319
209.899
209.407
209.103
208.948
208.772
208.653
208.623
208.272
208.131
208.033
208.006
207.894
207.886
207.741
206.914
207.238
207.211
207.201
207.132
207.166
207.343
206.732
207.057
207.186
206.954
206.907
207.29
207.414
207.067
207.149
207.101
206.968
207.085
208.606
209.415
209.3
208.637
208.338
208.318
208.213
208.236
208.551
208.281
208.718
208.936
209.187
209.334
209.265
209.457
209.591
210.136
210.36
210.243
209.715
209.681
209.356
209.415
210.054
210.672
207.771
207.359
207.689
207.822
208.034
208.218
208.508
208.086
208.363
208.254
208.241
208.501
208.592
208.729
208.66
209.495
209.472
209.484
209.583
209.237
191.308
191.143
191.141
190.993
190.854
191.01
190.574
190.578
190.528
190.226
190.204
190.511
190.566
190.006
190.062
190.026
190.02
190.918
190.814
190.988
190.962
191.018
190.702
190.581
190.404
190.466
190.362
190.039
190.034
190.015
190.09
190.092
189.985
190.262
190.609
190.535
190.669
190.667
190.74
190.664
193.346
193.804
193.851
194.027
193.773
193.736
193.534
194.034
193.787
193.87
194.021
193.866
193.487
193.126
193.42
193.116
193.122
193.234
192.947
192.65
210.883
210.781
211.155
211.281
211.14
211.387
211.495
211.598
211.492
211.84
211.914
211.793
211.583
211.636
211.268
211.242
211.148
211.039
211.29
211
211.245
211.22
211.238
211.024
211.086
211.059
211.069
211.127
211.135
211.235
211.234
211.23
211.469
211.618
211.549
211.55
211.747
211.905
211.854
211.734
211.413
211.349
211.444
211.483
211.434
211.557
211.628
211.803
211.512
211.439
211.453
211.755
211.619
210.778
211.2
211.305
211.331
211.011
211.244
211.873
211.996
212.447
212.453
212.543
212.899
212.632
212.926
212.988
213.359
213.727
213.554
213.804
214.15
214.739
215.206
215.293
215.708
215.511
215.65
215.702
215.582
215.034
215.447
216.36
215.939
216.08
216.28
216.565
216.297
216.414
216.297
216.36
216.306
216.343
216.932
217.007
217.123
217.551
217.679
217.848
218.389
219.115
218.771
218.493
218.911
218.656
218.299
218.033
218.6
218.503
217.757
217.628
218.219
219.268
218.87
219.197
218.985
218.89
218.679
218.325
217.848
217.44
217.528
217.145
215.746
215.695
215.61
215.109
214.782
214.719
214.81
214.591
214.52
213.62
212.858
212.798
212.499
212.477
212.336
212.287
212.112
212.208
211.821
211.277
211.441
211.382
211.267
211.031
210.639
210.577
210.595
210.214
210.332
210.432
210.209
209.981
209.954
209.555
209.229
209.303
209.145
208.924
208.531
208.743
208.703
208.943
209.309
209.325
209.116
209.102
209.74
209.796
209.708
209.6
209.829
209.684
209.702
210.057
210.337
210.42
210.476
210.689
210.855
211.085
212.297
212.518
212.762
212.798
212.997
212.809
212.668
212.534
212.261
213.191
213.558
213.62
213.408
213.716
213.292
213.42
213.653
213.903
214.113
214.33
214.69
214.16
213.982
214.009
214.205
213.974
214.093
214.414
213.989
213.741
213.88
214.131
213.85
214.112
214.296
213.699
213.732
213.654
214.224
213.873
213.905
213.361
213.002
213.104
213.398
213.457
212.822
212.595
212.428
211.968
211.913
211.84
211.635
211.56
211.472
211.753
211.68
211.624
211.102
210.969
210.719
210.174
209.795
209.694
209.392
209.213
209.021
209.152
209.105
209.007
209.067
208.918
209.269
208.891
208.941
208.516
208.275
208.237
207.514
207.591
206.605
206.634
206.627
206.354
206.405
206.384
206.357
206.129
206.049
205.816
204.994
204.958
205.018
205.04
204.918
205.281
205.318
205.043
205.079
204.967
204.651
205.295
205.347
205.088
205.014
204.954
205.31
204.997
204.94
205.804
205.803
205.862
206.13
206.242
205.928
205.773
206.201
205.989
206.418
206.828
206.785
207.508
207.921
208.495
208.928
209.338
209.973
210.329
210.836
210.922
211.459
211.828
212.153
212.077
212.76
213.584
214.016
214.358
215.449
215.772
216.974
217.336
217.787
218.578
219.253
219.087
219.472
219.814
220.278
220.853
221.956
222.305
222.666
222.877
223.217
223.668
223.678
224.332
224.505
225.244
225.612
225.152
224.656
224.994
224.928
225.366
225.847
226.243
226.854
227.014
227.335
227.406
227.781
227.948
228.584
228.833
228.967
229.452
229.708
229.316
206.555
206.451
206.438
206.355
205.74
205.668
205.153
204.629
204.372
204.38
204.095
203.218
202.786
203.105
202.67
202.591
202.168
202.11
201.309
201.247
201.18
201.002
200.88
200.688
200.636
200.54
200.254
200.223
200.325
200.024
199.898
199.61
199.448
199.394
199.39
199.355
198.944
198.94
198.884
198.85
198.318
198.602
199.457
199.43
199.662
199.586
198.987
198.604
198.056
197.87
197.63
197.518
197.398
197.311
197.072
196.962
196.757
196.634
196.21
196.159
216.941
217.035
216.665
216.783
217.082
216.925
217.193
217.48
217.613
216.75
216.379
216.826
216.342
215.566
215.384
214.623
214.646
214.156
214.555
213.885
213.857
213.688
212.982
212.817
212.323
212.372
212.611
212.207
212.074
211.835
211.547
211.651
211.388
211.009
210.588
210.335
209.684
209.414
209.353
208.677
208.769
208.752
208.334
208.071
207.899
207.707
207.507
207.891
208.148
207.62
207.474
207.572
207.208
206.557
206.732
206.891
206.802
206.655
206.933
207.135
206.807
206.543
207.012
207.018
206.643
206.872
206.96
207.077
206.963
208.007
208.547
208.312
209.005
209.85
210.478
210.931
211.02
211.551
211.886
212.473
212.41
212.748
213.312
213.57
214.107
214.446
214.005
214.267
214.361
214.665
214.771
214.869
214.835
215.046
215.346
215.673
216.619
216.723
216.691
217.407
218.064
217.841
218.343
218.602
218.677
218.711
219.598
219.81
219.676
220.243
220.537
220.758
220.716
221.505
221.636
221.619
221.975
222.025
222.24
222.221
222.647
222.943
222.892
222.66
223.389
223.064
222.59
221.93
221.698
221.075
220.032
220.244
220.159
219.946
219.456
219.427
219.567
219.269
218.816
218.484
218.162
217.885
217.352
216.183
215.569
215.232
215.227
214.233
214.05
213.905
213.586
213.18
212.923
212.614
212.103
211.627
211.695
211.313
211.361
210.999
210.711
210.903
210.603
210.653
210.381
210.187
210.062
210.088
210.211
210.115
209.794
209.537
209.833
209.715
209.566
209.098
208.714
208.739
208.519
208.399
208.322
208.322
208.079
208.144
207.967
208.119
208.273
208.768
209.254
209.466
210.273
210.412
210.643
210.582
210.872
211.204
211.29
210.894
211.196
211.502
211.843
212.253
213.032
214.281
214.685
215.078
215.499
216.68
216.511
216.894
217.234
217.615
218.084
218.194
218.975
219.183
219.44
219.835
219.722
219.968
220.114
220.143
220.584
219.707
219.831
220.07
220.09
219.98
220.256
220.236
219.926
219.761
219.929
219.9
219.766
220.414
220.61
220.553
220.549
220.815
220.613
220.29
220.248
220.451
220.601
220.906
221.379
221.568
221.317
221.674
221.876
221.829
220.46
220.812
220.926
220.921
220.446
221.054
220.651
220.473
220.54
219.819
219.818
219.262
219.443
219.505
219.536
219.611
220.105
219.682
219.873
219.993
220.334
220.577
220.25
220.58
220.71
220.945
221.008
221.225
221.441
221.454
221.005
221.93
222.1
222.342
222.347
222.059
221.775
221.855
222.641
222.583
222.604
222.363
222.49
222.502
222.503
222.631
222.864
222.869
223.235
223.425
223.827
223.633
223.614
223.296
223.3
223.113
222.966
223.043
222.732
223.212
224.478
224.439
224.194
223.969
224.633
224.48
224.876
224.731
224.667
225.536
225.343
225.454
225.075
225.174
225.088
225.051
224.61
224.667
224.53
224.374
224.134
224.362
224.288
224.205
223.613
223.36
223.356
223.078
222.752
222.382
222.505
222.354
222.477
221.57
221.432
222.006
222.101
222.131
221.954
222.189
221.725
221.901
221.27
220.7
220.583
220.785
220.38
219.782
219.794
219.91
219.721
219.637
219.743
219.724
219.518
219.666
197.847
197.389
197.1
196.043
195.841
195.502
195.146
195.035
194.668
194.373
194.413
194.355
194.278
193.843
193.528
193.55
193.498
193.226
193.127
192.682
192.503
192.343
191.84
191.407
191.487
191.406
191.319
191.089
191.273
191.081
190.693
190.654
190.533
190.615
190.458
190.09
189.682
189.912
189.704
189.218
188.744
188.641
188.521
188.583
188.734
188.621
188.846
188.888
188.802
188.467
188.407
188.096
187.79
187.514
186.981
186.935
186.822
186.689
186.445
186.213
205.348
205.048
205.025
205.634
205.344
205.323
205.731
205.705
205.625
205.923
205.557
205.022
204.893
204.197
203.981
203.759
203.748
203.713
203.665
203.702
203.916
203.652
204.102
204.283
203.761
203.711
203.597
203.649
203.37
203.43
203.65
203.423
203.173
203.358
203.533
203.764
203.702
203.682
203.615
203.639
203.838
203.653
203.856
203.652
203.516
203.297
203.296
203.462
203.526
203.564
203.542
204.163
204.192
203.864
204.438
204.245
203.953
203.91
203.694
203.669
203.71
204.211
204.214
204.259
204.769
204.768
204.358
204.513
204.435
204.112
204.265
204.754
204.674
205.552
205.819
206.066
206.215
198.162
192.702
192.152
191.703
191.367
190.43
190.392
190.518
189.626
189.22
188.851
188.625
188.726
188.783
188.648
188.972
188.9
188.73
188.299
188.55
187.905
187.09
186.159
185.585
185.71
185.431
184.041
183.162
183.401
183.544
182.886
182.911
182.964
181.459
181.427
181.487
180.406
180.078
180.236
180
180.134
180.445
179.934
180.04
180.018
179.603
179.762
179.677
179.888
179.365
179.307
179.576
179.444
179.526
179.499
179.13
179.144
179.313
179.147
178.287
184.766
189.335
189.232
189.662
190.283
190.771
190.996
191.127
191.771
192.19
192.394
192.471
191.884
191.863
192.161
191.622
191.6
191.681
191.787
191.726
192.695
193.788
193.579
194.457
194.576
193.916
195.57
196.665
196.117
196.16
196.897
196.805
196.365
198.208
198.252
197.4
199.113
199.514
198.856
199.29
199.315
199.267
199.363
199.207
198.878
198.564
198.51
198.471
197.827
198.691
198.732
198.597
199.088
199.179
199.368
199.228
199.261
199.227
199.064
200.069
200.188
200.799
201.195
201.38
201.535
201.467
201.544
201.597
201.792
201.331
201.536
201.901
201.929
201.67
201.591
201.825
201.991
201.969
202.38
201.992
201.954
202.105
203.654
203.016
200.362
200.125
200.134
200.024
199.859
199.97
200.165
200.398
200.37
200.57
200.187
200.345
200.403
200.272
200.054
200.076
199.742
199.657
199.667
199.781
200.027
200.586
200.631
200.676
201.165
201.042
201.133
201.271
200.864
200.797
200.832
200.811
200.781
200.75
201.121
200.597
200.5
200.636
200.621
200.576
200.518
201.051
200.685
200.804
200.669
200.856
201.023
200.959
201.488
201.42
201.481
201.88
200.934
201.038
201.023
200.803
200.77
200.653
200.739
200.767
203.506
204.793
204.526
204.917
206.03
206.029
205.558
205.666
206.42
205.795
206.424
207.461
207.608
207.515
208.725
209.04
209.54
209.234
210.17
210.406
210.791
210.038
210.217
210.51
210.343
210.887
210.909
211.052
211.295
211.514
211.879
212.07
211.679
211.897
212.305
212.324
212.239
212.251
212.537
212.678
213.096
213.109
197.399
195.817
194.979
195.473
195.316
194.888
194.994
195.366
195.466
178.562
179.157
179.223
179.157
179.14
179.125
179.191
178.747
179.071
179.039
179.043
178.766
178.638
178.286
177.601
177.903
177.682
177.593
177.469
177.205
177.053
176.557
176.657
176.518
175.684
174.886
175.124
174.582
174.382
174.092
175.045
173.805
173.527
173.549
172.327
172.059
171.952
171.497
171.433
171.031
171.094
171.422
171.288
170.84
170.626
170.765
170.553
170.324
170.154
169.875
169.461
181.13
182.468
183.287
182.657
182.619
182.922
182.375
182.374
182.364
199.574
199.437
199.18
199.343
198.327
198.377
197.69
197.875
198.076
197.933
197.18
197.77
197.625
197.36
198.024
197.827
197.653
196.512
197.113
197.3
196.708
196.965
197.03
195.87
195.743
196.186
194.946
194.453
193.831
193.672
193.159
192.596
191.522
190.836
191.485
190.351
189.652
190.001
187.842
187.095
186.377
185.929
185.826
185.818
186.62
186.668
186.405
186.862
186.838
186.883
186.645
186.624
186.29
186.041
186.644
186.599
186.318
186.663
186.272
186.154
186.405
186.45
186.521
186.213
187.633
187.587
187.755
188.008
187.797
187.671
187.686
187.575
187.616
187.552
187.607
187.593
187.843
188.814
188.738
188.62
188.273
188.403
188.334
188.919
189.776
190.197
191.553
192.526
193.157
193.491
193.67
195.723
197.048
198.103
198.428
199.986
200.823
200.672
203.143
204.447
205.964
206.044
206.318
206.757
206.756
206.493
206.996
207.196
206.885
207.106
208.024
208.165
208.212
208.481
208.449
207.742
208.333
208.735
209.313
209.369
209.61
209.504
208.319
208.959
208.69
208.796
209.166
209.282
209.6
209.448
210.288
210.459
210.64
210.215
210.288
210.558
210.076
210.169
210.338
210.227
210.71
210.827
210.999
211.172
211.304
211.362
211.296
210.753
210.781
210.868
210.922
210.922
210.939
211.007
210.383
210.18
210.161
210.32
210.259
210.112
209.986
209.553
209.356
209.261
208.445
208.558
208.583
208.066
208.531
208.398
207.997
207.932
208.274
208.284
207.87
208.64
208.48
207.753
207.842
207.794
206.887
205.335
206.525
206.428
206.277
206.234
206.282
206.015
205.892
206.28
206.107
205.536
205.413
206.372
205.878
205.674
206.086
205.838
205.132
205.377
205.789
205.291
205.11
205.281
203.663
203.26
203.047
203.408
203.214
202.962
203.054
202.12
202.004
201.724
202.136
202.056
201.985
202.53
201.853
201.908
202.017
202.458
202.284
202.28
202.966
202.741
202.635
203.072
202.626
202.659
203.172
202.734
202.781
202.831
202.884
201.996
202.097
202.624
201.643
200.95
201.675
202.979
203.113
202.261
202.757
202.669
202.336
202.614
202.248
202.082
201.896
202.434
202.263
201.602
201.718
201.275
201.256
201.135
201.424
201.458
201.6
202.128
201.779
201.926
203.208
203.141
203.413
203.585
203.123
202.791
202.929
202.519
201.94
202.063
202.559
202.178
202.251
202.255
202.417
202.485
202.252
202.729
202.476
202.637
202.45
202.416
202.558
202.571
200.456
200.381
200.386
200.725
200.447
200.434
200.936
201.461
201.399
201.63
202.426
203.295
203.326
203.655
203.571
204.101
203.961
204.125
203.655
203.485
203.759
203.43
203.676
203.699
203.955
204.575
204.796
205.09
204.627
204.872
205.327
205.232
204.924
204.923
205.507
205.218
205.577
205.915
205.913
205.251
205.957
206.471
205.695
207.133
207.794
207.912
207.817
208.355
207.919
207.498
208.002
207.706
190.508
190.135
190.132
190.091
190.188
190.245
189.999
190.065
192.343
191.953
191.989
192.011
191.968
191.003
191
190.342
190.14
189.565
189.602
189.209
189.125
188.864
188.498
188.747
188.784
188.577
189.239
189.276
189.402
189.482
189.565
189.477
189.37
189.37
189.352
189.437
189.55
189.342
189.35
188.719
189.033
188.805
188.465
188.338
188.188
188.276
187.732
188.275
188.166
188.153
188.38
188.148
188.015
187.515
187.623
187.599
187.689
187.861
187.819
188.021
204.457
204.812
205.224
205.103
205.077
205.334
205.379
204.789
204.655
204.982
204.859
204.795
204.95
206.085
205.487
206.805
207.18
207.71
207.672
208.25
208.484
208.437
208.832
208.661
208.823
208.739
208.874
208.675
208.277
208.876
208.885
209.021
208.5
208.647
208.8
208.701
208.877
209.248
209.243
209.611
209.603
209.858
209.52
210.169
210.236
210.266
210.448
210.37
210.557
209.938
210.553
210.771
210.921
210.988
210.996
211.096
210.801
211.075
211.066
211.06
211.046
211.13
210.784
210.263
210.468
210.491
210.619
210.487
210.614
210.621
210.287
210.519
210.777
210.39
208.771
208.326
208.092
208.041
208.019
207.46
206.897
207.342
207.182
206.512
206.471
206.615
206.62
205.996
206.244
206.078
205.432
205.335
205.822
205.434
205.205
205.443
205.688
204.556
203.462
203.198
201.316
200.191
198.578
197.99
197.913
197.317
197.648
197.335
197.208
197.368
197.094
197.048
196.641
196.866
196.836
196.474
196.307
196.255
196.205
194.941
195.372
195.404
195.478
196.101
196.126
196.199
195.957
196.45
196.52
196.268
196.7
196.652
196.523
196.317
197.998
198.25
197.95
197.749
197.714
197.961
197.806
197.698
197.4
197.964
197.906
197.844
197.421
198.138
198.154
197.91
198.523
198.496
198.587
198.55
198.719
198.813
198.892
199.38
200.378
200.748
202.018
202.503
204.607
204.741
204.421
204.999
205.007
203.971
203.488
203.124
201.711
201.111
201
200.176
199.125
198.098
198.151
197.78
197.133
197.999
197.672
196.584
196.416
195.566
194.75
194.363
194.584
186.233
185.608
185.623
185.273
183.803
183.729
184.014
183.774
183.698
184.132
184.233
183.8
183.152
183.641
183.217
183.653
183.755
183.338
183.426
183.48
182.642
182.26
182.507
181.917
181.021
180.906
180.777
180.501
180.512
180.102
179.791
179.88
180.068
180.012
180.338
180.42
180.684
180.871
180.745
180.774
181.448
181.834
182.093
183.018
183.5
183.919
184.81
185.457
186.668
187.166
187.17
187.768
188.206
188.022
188.767
189.209
189.812
190.175
190.558
190.583
199.418
200.017
200.294
200.465
201.753
201.84
201.702
202.264
202.177
201.828
202.052
201.905
202.892
202.963
202.976
202.193
201.785
201.824
201.431
201.933
203.054
203.167
202.93
203.617
204.757
204.276
204.85
205.341
204.742
205.323
206.333
205.923
206.054
206.29
206.738
205.969
205.943
206.042
205.789
205.914
206.494
206.676
206.244
206.918
206.829
206.423
206.556
206.952
206.601
206.422
206.771
206.874
206.345
207.246
207.561
207.499
207.384
207.987
208.159
207.775
208.014
208.207
208.325
208.323
209.009
209.119
209.323
209.158
209.346
209.9
209.921
211.017
211.199
211.366
212.266
212.767
213.496
213.972
214.388
214.271
214.493
215.142
215.463
215.677
215.508
216.184
216.187
216.142
216.813
216.503
216.778
217.095
216.986
217.184
216.368
198.51
198.455
198.376
197.852
197.879
197.717
197.219
198
197.894
198.028
198.145
198.012
198.11
197.853
197.96
198.025
198.062
197.396
196.874
196.801
196.482
196.775
196.657
196.571
196.867
196.761
196.443
196.134
196.077
195.906
195.442
195.451
195.42
195.315
194.766
194.751
193.919
193.411
193.347
193.152
193.176
192.886
192.969
192.908
192.557
192.436
192.451
192.53
192.138
192.441
192.582
192.311
191.842
191.761
191.993
191.386
191.553
191.665
192.008
192.333
210.051
210.336
210.111
211.255
211.162
211.444
211.221
210.919
210.464
208.853
208.68
208.331
207.442
208.168
208.051
208.084
207.76
209.037
208.923
208.387
208.954
209.032
208.923
208.652
208.824
208.776
208.641
209.12
209.38
209.485
209.511
209.674
209.549
209.243
209.761
209.71
210.425
210.37
210.359
210.41
210.72
210.023
210.119
210.351
210.211
210.179
209.802
208.648
208.92
208.698
208.506
208.743
209.334
209.108
208.466
209.073
208.874
208.694
208.429
208.695
208.666
208.084
208.36
208.462
208.453
207.915
208.434
208.734
209.197
210.611
211.192
211.516
211.793
211.868
212.018
211.768
211.929
211.995
212.559
212.701
212.62
212.105
211.829
211.597
211.563
211.614
211.653
211.648
211.7
211.284
210.797
210.418
210.235
209.579
208.821
208.194
206.492
206.525
206.105
205.223
205.21
205.372
203.547
202.506
202.679
201.998
194.292
194.744
194.645
194.073
194.095
194.166
194.136
193.491
194.049
194.011
192.728
192.652
192.835
192.248
191.541
191.908
191.516
190.842
190.494
190.846
190.028
189.963
189.717
189.937
189.228
189.237
189.001
188.961
188.967
189.161
189.008
188.871
188.611
188.569
188.629
189.032
189
189.329
189.283
189.313
189.224
189.275
189.27
189.512
190.302
190.637
191.14
191.625
192.097
192.634
193.948
193.772
193.952
194.664
194.401
195.099
196.572
197.64
197.146
197.83
206.126
206.304
206.364
207.063
206.81
206.687
206.714
207.711
207.652
207.358
208.941
209.115
208.753
209.351
210.211
210.346
210.833
211.322
211.87
211.27
212.447
212.558
213.046
211.857
212.678
212.748
213.082
212.995
213.24
213.309
213.201
213.127
213.378
213.774
213.099
212.669
213.119
212.171
212.323
212.002
212.1
211.933
211.895
211.884
211.431
211.469
211.447
211.9
212.292
212.361
212.671
213.173
213.572
213.775
214.406
213.471
213.479
213.53
214.638
214.108
214.241
214.782
214.409
214.579
214.933
215.148
214.232
214.517
214.322
214.533
214.517
214.827
215.416
215.257
214.417
214.468
214.803
214.565
214.645
215.517
214.624
214.93
215.115
215.388
215.204
215.372
216.268
216.496
216.542
215.868
216.607
216.646
216.198
216.558
217.376
217.349
217.687
218.947
219.043
219.343
219.877
220.196
220.401
220.38
221.08
221.003
220.8
220.749
220.513
220.48
220.09
220.389
220.244
220.268
219.209
220.116
220.42
219.748
219.716
220.443
220.222
220.119
220.528
220.633
220.675
220.7
221.674
221.435
221.215
221.221
221.425
221.41
220.97
221.325
222.233
222.195
221.844
222.459
222.271
222.185
222.964
222.844
222.302
222.151
222.502
222.411
222.201
221.623
221.513
222.214
221.744
221.95
222.455
222.274
221.87
222.284
221.912
221.754
221.282
221.297
221.031
220.409
220.176
220.398
220.335
219.589
219.881
220.11
220.23
220.105
220.502
220.565
220.329
220.456
221.434
221.631
221.355
222.178
222.309
221.915
221.834
221.286
221.119
221.057
220.702
220.713
220.964
220.757
221.343
221.507
220.859
198.372
198.214
197.752
197.316
196.683
196.887
196.8
196.383
196.332
196.117
195.944
195.644
196.504
196.26
195.77
195.686
196.012
195.67
194.736
194.89
194.741
194.288
193.975
194.078
194.075
193.01
192.885
193.174
192.269
192.206
192.409
192.451
192.201
192.084
192.737
191.838
191.717
191.061
190.648
190.483
190.396
190.454
189.236
188.948
188.883
188.457
188.256
188.079
187.997
188.033
188.423
188.6
188.157
188.184
188.007
187.795
187.824
187.591
187.464
187.223
206.713
207.05
207.439
207.654
208.147
208.165
207.583
207.936
207.806
208.31
208.096
208.642
208.688
208.802
208.995
208.696
208.494
207.855
208.469
208.481
208.481
208.372
208.593
208.606
208.12
209.373
209.501
208.956
209.968
210.141
210.074
209.684
209.666
209.656
209.645
210.408
210.317
210.95
210.877
210.957
210.862
210.776
211.722
211.898
211.719
211.866
211.771
211.765
211.995
211.725
211.6
211.495
211.397
211.584
211.788
211.356
211.493
211.652
211.106
210.855
211.054
211.131
210.472
210.631
210.827
210.473
210.693
210.771
210.738
210.262
209.921
209.878
209.924
208.976
209.148
209.473
209.26
210.336
210.803
210.705
209.684
210.242
210.23
209.945
210.518
210.425
210.322
210.225
210.161
210.227
210.319
210.544
210.699
210.708
210.189
210.275
210.494
210.513
210.165
210.298
210.431
210.169
210.615
210.363
210.407
210.857
211.048
211.214
210.799
211.288
211.361
211.545
211.778
211.886
211.906
211.964
211.168
211.304
212.08
212.674
212.993
213.123
214.018
213.482
213.668
214.106
214.745
215.121
215.095
215.745
216.282
216.491
216.63
217.924
218.351
218.381
219.095
219.285
218.968
219.326
220.842
221.164
221.162
221.452
221.623
221.923
221.804
222.77
223.05
223.328
222.785
223.283
223.635
224.016
224.772
225.218
225.41
225.775
226.677
227.061
227.388
228.12
228.371
229.046
229.155
229.467
228.453
228.455
229.285
229.01
229.413
229.628
230.22
229.888
230.044
230.799
232.033
231.49
231.456
232.118
231.774
231.289
231.312
231.679
231.239
231.216
231.129
231.027
231.077
231.023
231.435
230.979
230.523
230.271
230.026
230.126
228.501
228.424
229.052
228.68
228.446
228.271
228.592
228.582
228.193
228.277
228.452
227.077
227.114
226.705
227.512
227.256
227.087
226.739
226.317
226.174
226.084
225.896
225.991
225.732
224.192
224.05
223.713
223.591
223.784
223.632
224.494
224.466
224.32
224.275
224.02
223.65
223.65
223.415
223.322
223.31
222.967
222.611
222.646
222.124
221.865
221.912
221.479
222.096
221.791
221.846
222.026
221.748
221.423
221.416
221.311
220.344
220.744
221.011
220.301
220.417
221.599
220.579
219.985
220.269
220.404
220.325
219.353
219.308
219.591
219.089
218.922
220.145
219.975
219.617
219.596
219.777
219.488
219.696
220.246
220.313
220.528
219.531
219.613
219.771
220.707
220.792
220.973
221.081
220.42
220.524
220.734
220.312
220.053
220.403
220.29
220.409
219.223
219.907
220.029
219.379
219.64
220.334
220.026
219.471
219.835
219.431
219.286
219.16
219.042
219.036
218.559
218.528
219.237
219.235
218.717
220.226
219.974
219.384
220.266
220.269
219.802
220.026
220.627
219.555
217.349
216.773
216.744
215.748
214.944
214.249
212.597
212.521
212.72
213.31
213.133
212.241
211.674
211.301
211.31
210.537
210.127
210.932
210.401
209.826
209.65
209.573
209.233
209.199
209.097
208.974
208.942
208.775
208.986
209.18
209.385
209.246
210.193
209.706
209.632
209.232
209.036
208.885
208.506
209.132
209.297
210.036
209.414
208.889
209.498
208.829
208.582
188.814
188.616
188.21
188.027
187.884
187.911
187.489
186.701
186.51
186.522
186.961
186.741
187.312
188.243
188.413
188.925
189.443
189.469
190.345
191.326
190.812
190.597
190.465
189.887
190.09
190.68
190.36
189.85
190.364
190.14
189.687
190.037
190.371
189.853
189.235
189.203
189.136
189.496
189.556
189.56
189.009
189.053
188.87
188.377
188.27
188.285
188.358
187.553
188.225
188.243
187.602
188.07
188.233
187.922
187.242
188.027
187.818
187.639
187.854
188.246
207.551
207.118
207.559
208.282
208.11
207.59
208.283
209.096
208.626
208.713
208.527
208.485
208.117
208.807
209.19
208.565
208.975
209.605
209.362
209.689
209.516
208.959
207.482
208.196
208.709
208.338
208.975
209.329
209.281
209.108
209.763
209.897
209.816
210.314
210.887
211.278
210.784
210.943
210.946
210.779
211.452
211.396
211.43
211.287
211.658
211.677
211.621
212.009
211.963
211.86
212.436
212.262
212.312
212.516
212.717
212.678
213.504
213.807
213.064
212.928
213.03
213.16
213.195
212.837
213.06
212.604
212.822
211.99
210.067
210.261
210.438
209.342
209.836
209.935
209.682
209.562
209.435
209.429
209.034
209.296
209.979
210.293
211.726
211.839
211.802
211.296
211.218
211.25
210.902
211.418
211.216
211.207
210.688
211.226
211.293
211.227
211.18
211.178
211.202
211.285
210.857
210.098
209.238
208.711
208.241
206.874
205.56
206.032
205.505
204.498
204.862
204.881
204.378
204.336
204.776
204.6
203.883
203.553
203.668
202.567
200.934
199.966
198.156
197.55
194.228
186.232
180.925
172.358
171.439
170.356
170.333
170.327
170.303
170.272
170.01
170.409
170.577
170.346
170.628
170.646
170.624
170.362
170.159
170.144
169.951
170.511
170.516
170.513
170.453
170.395
170.226
170.355
170.371
170.182
170.269
169.832
170.145
170.013
169.975
169.425
169.97
170.334
170.478
171.081
171.13
172.007
173.028
172.887
173.294
173.866
173.781
173.905
174.073
173.703
173.603
173.663
173.946
174.015
174.461
175.342
176.186
177.088
178.362
178.838
181.506
189.801
195.68
207.27
211.002
212.7
212.635
213.75
213.661
213.734
214.215
214.611
214.714
215.144
215.028
215.184
215.164
215.976
216.234
216.008
216.035
215.814
215.807
215.115
214.614
214.455
214.616
214.29
214.52
214.855
214.443
215.154
213.989
213.87
213.481
213.838
214.046
214.27
214.549
214.183
214.52
214.251
213.802
213.862
213.881
213.502
213.515
213.047
212.681
212.858
212.85
213.007
212.977
212.965
213.323
213.069
213.614
213.488
213.542
213.704
213.713
213.454
213.168
213.371
213.119
212.952
212.967
212.077
211.606
211.157
210.993
210.577
210.314
210.049
209.902
209.646
209.209
208.814
208.826
208.748
208.764
208.589
208.695
209.427
209.805
210.004
210.052
210.328
210.438
209.996
209.991
209.658
210.766
211.025
211.395
211.687
211.136
211.215
211.178
211.487
211.1
210.996
210.81
210.666
210.307
210.757
210.84
210.962
211.587
211.097
211.318
211.031
211.014
211.111
210.571
210.582
210.613
210.753
210.883
210.849
211.085
211.435
211.609
211.32
211.422
211.539
211.8
212.766
213.18
213.668
213.833
214.195
214.167
214.268
214.58
214.71
215.208
215.667
215.839
216.177
216.284
216.529
216.761
216.635
216.922
216.702
216.864
216.788
216.967
217.412
218.023
218.197
218.451
218.455
218.473
218.694
219.206
218.896
219.528
219.914
220.545
220.789
221.779
198.938
198.961
199.066
198.532
198.634
198.262
198.805
198.525
198.772
198.404
198.146
198.111
198.097
198.334
198.341
198.237
197.327
197
197.048
196.582
196.894
196.88
197.144
196.664
196.475
196.663
196.288
196.385
196.206
196.219
196.009
196.15
196.246
196.274
195.996
195.81
195.604
195.562
195.556
195.436
195.571
195.424
195.823
195.928
195.917
195.611
195.659
195.328
195.211
194.875
194.001
193.881
193.632
193.246
193.253
192.901
192.861
192.53
192.542
192.249
213.968
214.196
214.288
215.173
215.145
215.346
215.25
215.387
215.208
215.679
215.698
216.201
216.23
216.244
215.893
215.858
216.949
216.451
216.471
216.913
216.889
217.164
217.174
217.774
217.82
217.836
218.025
218.168
217.949
218.21
218.589
218.373
217.617
217.404
217.138
216.942
216.991
216.832
216.899
216.531
216.535
217.053
216.436
216.436
216.479
216.559
216.161
216.44
216.774
216.987
217.763
217.916
218.322
218.784
218.868
219.193
219.185
219.152
219.335
219.664
219.432
218.983
219.224
219.158
219.436
219.535
219.893
219.977
219.016
218.869
219.22
219.014
218.941
218.818
219.044
218.958
218.998
219.822
219.806
219.792
219.742
219.494
218.332
217.968
218.067
217.067
216.573
216.097
216.22
215.925
215.777
215.916
216.143
215.91
216.53
216.739
216.432
216.435
216.102
216.091
215.088
214.781
215.144
214.773
214.806
215.15
215.462
214.686
213.4
213.14
213.187
213.226
212.83
212.64
212.477
212.267
212.166
212.158
212.059
212.114
212.331
212.62
212.401
212.388
212.36
212.543
212.486
212.51
213.756
213.763
213.677
213.945
213.291
213.513
213.791
213.611
213.174
212.968
212.673
212.452
212.491
212.626
213.379
213.077
213.248
213.241
213.639
213.979
214.203
214.006
213.892
214.068
214.443
215.099
215.082
214.879
215.326
215.768
216.453
216.702
217.599
217.931
218.203
218.536
218.631
218.564
218.541
219.086
220.281
220.176
220.547
220.377
220.876
220.689
220.832
220.731
220.626
221.026
221.352
221.39
221.27
221.422
221.462
221.459
221.202
221.053
221.284
221.365
220.526
220.924
221.221
221.117
222.051
222.271
222.398
222.494
222.974
223.289
223.515
223.682
224.045
224.289
224.748
225.171
225.334
225.67
225.947
225.907
225.913
226.552
226.842
226.779
226.643
226.273
226.082
226.827
226.959
227.042
226.677
226.896
227.115
227.243
227.022
227.141
227.129
226.131
225.997
226.216
226.507
226.86
226.974
226.988
226.984
226.469
226.786
227.111
227.378
227.143
226.904
226.956
227.088
227.026
227.242
227.402
227.815
227.854
227.853
228.032
229.006
229.218
229.244
229.335
229.642
229.463
229.494
230.034
230.311
230.22
230.562
230.994
230.775
230.706
230.639
231.045
230.813
231.834
231.969
232.278
232.39
232.325
232.612
232.587
232.819
233.028
233.244
233.184
232.988
232.968
233.224
233.186
233.014
232.72
233.04
233.15
233.056
234.551
235
235.313
235.092
235.369
235.462
235.981
235.884
237.086
237.33
237.493
237.005
237.347
237.732
237.691
237.508
237.955
237.987
237.784
236.979
237.03
236.892
236.626
235.91
235.553
235.146
234.975
234.844
234.932
234.187
233.384
232.878
232.03
231.909
231.434
231.465
230.997
230.854
230.506
230.363
230.169
230.014
229.744
229.971
229.983
229.16
229.081
229.19
229.161
229.246
229.333
229.386
229.447
229.58
229.612
229.503
229.912
229.486
229.43
229.365
229.168
228.636
228.541
228.701
228.379
228.072
227.691
227.498
227.166
226.703
226.738
227.199
226.602
226.305
226.071
226.186
225.851
226.034
226.065
226.735
226.774
226.674
226.797
227.159
227.111
225.001
224.7
225.022
225.195
225.591
226.2
226.8
227.812
227.773
228.139
227.898
228.268
228.658
228.908
229.474
229.78
229.76
229.865
229.637
229.179
229.846
229.649
229.593
229.676
229.389
229.143
229.409
228.998
229.025
228.714
228.662
228.624
229.068
228.925
228.982
228.941
229.45
229.323
229.466
229.269
229.319
229.319
229.493
229.586
229.19
228.923
228.633
229.308
228.95
229.177
229.11
229.428
228.965
228.989
228.708
228.728
229.038
228.771
228.635
228.812
231.301
231.946
230.987
230.595
230.656
230.811
230.729
229.764
229.601
229.602
229.758
229.672
229.288
229.078
228.654
228.141
228.154
228.299
228
228.535
228.403
228.461
227.88
227.722
228.029
227.786
227.494
227.607
227.37
227.473
227.591
227.525
227.201
226.872
227.028
226.799
226.515
225.399
224.714
224.978
224.904
225.231
225.078
225.184
225.388
225.599
226.085
225.942
225.969
223.713
223.734
223.178
223.083
223.025
223.075
223.034
222.854
222.977
223.251
223.359
223.185
222.86
223.33
223.426
223.516
223.32
222.979
223.717
224.187
224.428
224.146
224.26
224.586
225.079
225.233
225.598
225.806
225.914
226.285
226.217
226.28
226.596
227.171
227.22
227.365
227.645
227.389
227.59
227.812
227.993
227.8
227.924
227.638
228.194
227.81
228.145
228.486
229.876
230.226
230.056
230.321
230.27
229.887
229.692
229.899
229.685
229.618
229.424
229.98
232.343
232.337
232.634
232.757
232.71
232.779
233.094
233.229
232.202
231.802
231.691
232.035
231.989
232.049
231.611
231.443
231.624
231.788
231.949
231.338
231.124
231.524
231.635
231.29
231.295
231.226
230.958
230.014
229.959
230.071
230.128
230.247
229.765
229.592
229.38
229.148
229.447
229.734
229.691
229.592
229.505
229.293
229.026
229.664
229.252
229.461
229.131
228.988
228.733
228.82
228.658
228.672
228.504
228.892
229.308
229.598
229.86
229.803
230.081
230.183
230.037
230.324
229.662
229.945
230.262
230.47
230.081
230.26
231.52
231.929
232.035
232.022
232.443
232.806
233.382
233.554
233.663
234.001
233.698
234.292
234.53
234.807
234.694
235.098
235.093
235.363
235.131
236.257
236.206
236.16
235.453
235.478
236.093
236.573
237.02
237.276
236.813
237.177
237.475
237.566
237.753
238.288
238.096
238.102
238.48
238.874
238.853
238.654
238.888
239.229
239.981
240.015
240.35
240.651
240.277
239.807
239.502
239.699
239.275
239.406
239.828
239.924
240.421
240.431
240.289
240.454
239.382
239.099
238.652
238.512
238.686
238.58
238.493
238.1
238.267
238.649
238.73
238.313
238.72
238.723
238.683
238.331
238.662
238.513
238.046
237.78
238.357
238.088
238.162
238.041
238.083
238.07
237.893
237.507
237.557
237.227
237.382
236.86
236.284
235.579
235.071
235.332
235.533
235.566
235.461
235.088
235.519
235.835
235.399
235.244
235.143
235.022
234.735
233.738
234.059
234.414
234.413
233.749
233.807
233.646
233.262
233.112
233.619
233.669
233.368
232.938
234.341
234.125
234.368
234.184
233.559
232.832
232.983
233.326
232.923
232.579
232.377
232.705
232.538
232.022
232.007
232.262
232.109
231.856
232.162
231.988
231.986
231.911
231.992
231.985
232.326
232.095
232.137
232.329
232.122
232.125
231.748
231.666
232.117
231.881
232.255
231.939
232.08
232.081
232.261
232.557
232.541
232.271
232.804
233.058
233.181
232.493
232.706
233.601
233.625
233.807
234.172
234.647
235.131
235.084
235.361
235.438
235.468
235.382
235.741
236.02
235.861
236.014
236.312
236.685
236.9
237.421
237.331
237.163
237.397
236.707
236.733
236.589
236.361
236.747
236.82
236.552
236.341
236.438
235.905
235.875
235.564
235.351
234.865
235.019
234.832
234.969
234.874
234.739
234.091
233.788
233.943
234.185
233.668
234.391
234.202
234.17
234.2
233.913
233.775
233.277
233.203
233.458
233.236
232.416
232.254
233.066
233.018
232.47
232.335
232.201
231.546
231.146
230.764
230.606
230.318
230.236
230.201
230.152
229.79
229.883
230.097
204.798
204.263
203.76
203.797
203.492
202.929
202.72
202.513
202.904
202.713
202.25
202.299
201.88
201.665
201.471
201.547
200.832
200.946
201.014
200.847
201.029
201.033
200.661
200.584
200.48
200.183
200.187
200.218
200.119
200.051
199.817
199.909
199.599
199.632
199.474
199.391
199.492
199.443
199.455
199.39
199.048
198.395
198.333
198.297
198.164
197.78
198.225
198.179
197.907
197.892
197.992
197.956
197.738
197.471
197.294
196.994
196.698
196.762
196.329
196.004
218.007
218.429
218.776
218.577
218.705
218.976
219.005
218.859
219.137
219.331
220.015
220.029
220.521
220.603
220.978
220.486
220.424
219.467
217.003
216.139
216.17
215.632
215.945
216.29
216.374
216.469
216.578
217.167
217.423
217.706
218.265
218.562
218.904
219.118
219.56
219.615
219.56
219.716
220.172
220.194
220.424
221.242
221.864
221.812
221.813
222.401
222.58
222.821
223.148
223.806
224.166
224.338
224.307
224.886
225.158
225.647
225.972
226.048
226.739
227.189
228.453
228.57
228.851
228.928
228.945
229.26
228.961
228.029
227.718
227.574
227.503
226.885
226.513
226.6
226.383
226.656
227.854
229.155
232.035
233.199
233.207
233.983
234.176
233.845
233.404
233.569
233.285
233.058
233.239
233.095
232.744
232.567
232.643
232.651
232.369
232.467
232.793
232.801
232.515
232.611
232.583
232.636
232.432
232.21
232.369
232.145
231.621
231.589
231.69
231.465
231.062
230.948
231.242
230.905
230.407
230.211
230.38
230.577
230.16
228.843
228.78
228.712
228.506
227.196
227.738
227.518
228.042
229.169
229.429
229.386
228.998
229.823
229.506
229.483
229.359
229.505
229.27
229.275
229.228
229.319
229.196
228.962
228.523
228.969
229.249
228.928
229.228
229.472
229.316
229.264
229.419
228.451
228.514
228.382
228.088
227.792
227.613
227.505
227.416
227.106
226.972
226.455
226.529
226.674
226.444
225.494
225.649
225.503
225.372
225.24
225.225
225.428
225.593
226.025
226.055
226.116
225.708
225.463
225.247
226.247
226.177
226.281
225.666
227.42
227.33
227.467
226.987
227.291
227.14
227.006
227.482
227.452
227.989
227.79
228.016
227.709
227.775
227.105
227.213
227.228
226.881
226.556
226.695
226.642
226.637
226.834
226.803
226.753
226.721
227.109
227.197
228.208
227.875
227.902
228.369
228.544
228.25
227.883
228.182
228.162
228.257
228.531
228.302
228.446
228.477
229.627
229.53
229.602
229.597
229.741
230.076
229.823
229.834
229.179
229.586
229.157
229.605
229.843
230.351
230.412
230.378
230.39
231.178
231.041
231.038
230.582
230.851
230.568
230.775
231.046
230.897
230.68
230.897
231.019
231.267
231.14
231.302
232.042
232.041
231.717
232.337
233.098
233.382
233.08
233.524
233.591
233.63
233.589
233.909
233.907
233.949
234.071
234.539
234.572
234.631
234.295
234.637
235.017
234.559
234.668
235.037
234.987
235.148
235.235
235.607
235.499
235.484
235.111
235.355
235.382
235.352
235.746
235.749
235.811
235.54
236.166
236.02
235.636
235.416
235.56
235.389
235.476
235.26
235.198
234.968
235.184
235.261
235.296
235.378
235.553
234.778
234.868
234.729
234.829
234.128
234.522
234.15
233.804
233.426
233.749
233.682
233.17
232.925
233.009
232.898
232.293
232.013
231.901
231.671
231.368
231.123
230.033
229.557
229.614
228.933
229.059
228.677
228.719
229.14
229.346
228.59
228.848
228.914
228.698
228.3
228.149
228.548
228.635
228.119
228.176
228.266
227.964
227.764
227.866
228.043
227.75
227.896
228.38
228.524
228.191
228.5
228.07
227.963
227.528
227.432
227.438
227.082
226.909
226.359
226.253
226.744
226.549
226.283
226.236
226.355
226.267
226.546
226.783
226.689
226.683
226.402
226.636
226.434
226.528
226.097
226.389
226.541
226.699
226.466
226.049
226.251
204.741
204.682
204.261
204.558
204.65
204.443
203.662
203.462
203.311
203.616
203.322
203.188
203.033
202.792
202.633
202.395
202.204
201.666
201.457
201.182
201.015
200.975
200.81
200.64
200.365
200.222
199.909
199.733
199.454
199.078
198.327
197.969
197.836
197.153
197.254
197.051
197.098
197.298
196.887
196.899
196.939
196.937
196.134
195.961
195.702
195.236
195.065
195.05
194.659
194.725
194.514
194.566
194.285
194.316
194.257
193.912
193.24
193.07
193.198
192.59
212.009
211.81
211.458
211.507
210.648
210.359
210.456
210.141
209.883
209.543
209.2
209.081
209.099
208.986
208.889
208.449
208.346
208.946
208.877
208.69
207.783
207.396
207.174
206.661
206.574
206.337
206.027
205.713
205.682
205.683
206.395
206.544
206.751
207.238
206.901
207.145
206.985
206.668
206.726
206.123
205.172
204.947
205.019
204.949
205.156
204.785
204.441
204.427
204.424
204.064
203.694
203.438
202.946
202.356
202.315
202.432
202.713
202.731
202.542
202.73
202.091
202.331
202.641
202.255
202.868
203.19
203.51
203.257
203.286
203.149
203.015
202.654
202.225
201.965
201.788
201.884
202.049
201.999
201.776
201.704
202.086
202.125
202.088
202.281
202.24
202.262
202.255
201.899
201.778
201.635
200.721
200.581
200.353
200.034
199.994
199.794
199.728
199.777
199.682
200.056
200.354
200.259
200.675
200.724
200.539
201.112
201.173
200.482
200.785
200.809
200.943
200.829
201.31
201.571
201.531
201.488
201.616
201.149
201.142
201.303
201.734
201.79
201.97
202.261
202.02
201.827
201.93
202.03
201.586
201.525
201.689
201.984
202.258
202.445
201.883
201.772
201.516
200.791
200.732
200.737
200.519
200.615
200.795
201.009
200.346
200.389
200.582
200.773
200.856
201.012
201.613
201.854
201.708
201.77
201.398
201.069
201.018
200.543
200.611
200.106
200.294
200.185
199.964
199.623
199.73
199.364
199.425
200.142
199.972
199.921
199.971
199.566
199.485
199.479
199.524
199.269
198.892
199.321
199.316
199.164
198.858
198.384
197.967
196.945
196.834
196.574
195.831
195.771
195.948
195.4
195.581
195.333
194.563
194.508
195.122
194.432
