60
66.1072
88.3802
106.699
121.247
135.028
146.541
157.019
165.631
173.809
180.954
186.962
192.274
197.314
200.186
203.494
207.312
211.134
213.86
217.429
220.156
222.676
225.371
223.879
226.017
228.196
230.35
232.239
233.728
235.373
236.855
238.4
239.275
240.685
242.012
243.244
243.732
244.369
245.637
246.794
247.535
248.536
247.356
248.302
249.182
249.991
250.664
251.517
252.316
253.205
253.306
253.702
254.569
255.138
256.025
256.644
256.973
257.789
258.497
258.958
274.855
287.922
288.313
288.514
289.314
289.226
289.043
288.921
289.133
289.044
288.832
288.563
288.65
288.725
289.56
290.035
289.962
289.801
290.272
290.248
290.57
290.452
290.513
293.322
293.728
294
293.625
293.752
294.039
294.276
294.517
293.71
294.04
293.998
294.187
294.131
294.489
294.069
293.996
293.973
294.396
293.391
295.798
295.951
296.16
296.379
295.004
294.933
295.18
295.162
296.181
296.853
296.781
297.088
296.929
297.049
296.965
296.875
296.891
297.133
296.95
297.072
296.951
297.047
296.747
296.619
296.359
296.212
296.017
296.071
294.774
295.251
295.284
294.55
294.57
292.727
292.801
292.977
292.925
292.747
292.562
292.7
290.627
290.196
289.747
289.411
289.046
288.975
288.992
287.15
286.974
287.879
287.983
287.957
287.964
288.006
288.228
288.968
288.494
288.648
288.79
289.956
289.915
289.809
289.487
289.464
290.997
291.137
290.888
290.367
290.082
289.86
289.773
288.912
288.77
288.816
288.424
288.332
287.847
288.006
288.314
288.906
289.381
289.235
288.98
289.028
289.591
287.572
286.555
286.307
286.631
286.363
286.238
286.892
286.996
288.818
288.281
287.973
288.076
287.937
287.899
288.17
289.818
290.077
290.201
290.365
291.168
291.022
290.981
292.887
293.063
292.43
291.987
291.981
291.648
291.703
291.874
290.427
291.088
290.906
290.621
290.24
289.864
290.119
290.411
290.628
290.455
290.127
290.238
290.779
290.91
290.574
290.482
291.332
291.397
291.221
291.719
291.539
291.805
291.644
291.395
291.109
290.887
290.92
291.196
290.233
289.186
291.084
292.462
292.479
293.836
293.987
294.15
293.232
293.129
293.149
293.379
293.576
293.611
293.424
293.783
293.078
293.425
293.473
293.434
293.358
293.373
293.753
293.817
293.96
294.264
294.809
295.465
295.363
295.747
295.983
294.533
296.273
296.034
296.013
296.193
296.064
296.326
296.164
295.915
295.759
295.169
294.992
294.942
294.919
294.692
295.059
295.309
295.268
294.617
294.815
293.854
294.172
294.481
294.492
294.482
294.708
294.797
295.114
295.278
296.21
297.457
297.775
297.51
297.666
297.115
296.88
296.818
297.864
297.975
297.446
297.983
298.245
298.093
298.579
298.363
297.984
298.304
298.254
298.57
298.709
298.412
297.64
297.151
293.667
293.598
293.749
293.575
293.733
293.518
292.923
294.33
294.288
294.273
294.358
293.858
293.58
293.59
293.485
293.574
293.029
293.695
293.474
293.527
293.049
293.358
292.907
292.575
292.455
291.704
291.434
292.607
292.553
292.306
292.101
292.192
292.125
291.778
291.54
291.089
291.284
291.116
291.267
291.23
290.105
290.557
290.978
291.089
290.534
290.417
290.889
290.916
290.936
290.984
290.68
290.474
291.422
290.591
290.706
289.835
289.848
289.381
290.059
290.329
293.549
293.381
293.247
293.516
293.374
293.439
294.04
293.593
293.694
293.587
293.585
294.102
294.837
294.398
294.054
293.889
294.527
294.726
295.417
295.248
295.878
295.893
296.56
296.858
297.038
298.684
299.105
299.518
299.634
299.778
300.024
300.21
300.324
300.251
300.672
301.384
301.527
301.767
301.357
301.662
302.694
302.645
302.729
302.847
303.563
302.357
302.588
302.523
302.586
302.76
301.62
301.039
301.034
301.036
300.584
300.828
300.817
301.699
301.606
301.121
300.993
300.771
300.815
300.474
300.284
299.575
299.391
299.97
299.799
299.667
299.826
299.504
299.665
300.05
300.199
300.708
300.831
301.071
301.294
301.353
301.398
301.458
301.453
301.497
301.197
301.231
301.331
301.341
301.418
301.62
301.388
301.474
301.602
302.122
301.338
300.477
300.166
300.232
300.752
300.824
300.748
300.413
300.473
300.567
300.001
300.941
300.873
300.637
300.496
300.339
300.221
301.051
301.029
301.656
302.186
300.931
301.024
301.08
301.271
301.548
301.386
301.422
301.463
301.634
302.283
303.416
303.597
303.527
303.631
303.969
302.32
302.586
302.491
302.539
303.162
302.365
302.186
302.184
301.39
301.798
302.099
302.174
302.156
301.304
301.832
300.395
300.491
300.567
300.556
300.869
301.028
301.186
301.226
301.33
302.045
302.438
302.903
302.988
302.955
302.998
303.694
304.27
304.452
304.353
304.138
304.934
304.1
304.545
304.615
304.758
306.5
306.473
306.456
306.187
306.419
308.751
308.45
308.651
307.97
308.793
309.285
309.529
309.796
310.167
309.43
309.324
309.337
309.639
309.909
310.103
311.708
311.819
310.297
310.516
310.448
311.041
311.108
309.628
310.463
309.181
308.709
308.607
308.43
309.294
309.15
310.363
309.979
309.171
308.585
308.124
308.421
307.207
306.211
306.028
305.895
305.292
304.521
304.206
303.935
303.64
303.28
302.8
302.499
302.407
303.128
302.706
303.259
303.221
303.036
302.875
299.752
297.98
297.992
298.1
297.722
296.884
296.568
296.315
296.799
296.363
296.119
294.957
294.848
294.481
294.998
294.665
292.712
292.355
292.055
292.037
291.533
291.535
292.812
292.672
292.457
292.002
291.874
293.046
292.215
293.163
292.809
292.813
292.705
292.707
292.54
292.53
292.71
293.209
293.782
293.945
293.488
294.514
295.419
294.892
294.911
295.627
296.177
296.175
296.189
296.179
296.234
296.176
296.277
296.546
296.69
296.822
296.564
296.366
296.518
296.464
299.385
299.417
299.338
299.375
299.473
299.933
299.588
299.598
299.614
299.729
299.699
299.188
299.216
299.309
299.637
299.41
300.545
300.762
301.21
300.34
300.997
301.165
300.421
300.618
299.294
299.277
299.336
299.442
300.247
300.325
300.208
300.205
300.517
300.549
300.649
300.644
300.576
300.27
300.116
298.735
296.503
295.374
295.274
295.859
295.943
295.66
294.854
294.743
294.827
294.918
295.072
295.418
294.702
294.616
293.517
293.251
293.784
293.6
293.591
293.057
292.967
294.628
294.421
294.499
294.076
294.299
295.003
295.083
295.14
295.214
295.101
296.565
295.655
295.689
295.269
295.425
296.166
295.98
295.697
296.152
296.004
295.958
296.839
296.706
298.172
298.43
298.45
298.288
298.124
298.01
298.122
298.046
298.025
298.068
297.969
297.754
297.668
298.09
298.055
299.339
300.352
301.296
301.264
301.252
301.135
301.038
301.798
301.989
301.223
301.164
300.931
300.885
301.504
301.303
302.248
301.59
301.588
301.861
301.572
302.277
301.154
301.223
301.524
301.418
301.748
301.603
301.1
300.968
300.956
300.903
300.807
300.92
301.596
301.582
301.746
300.526
300.684
299.896
298.665
298.76
298.427
298.414
298.395
298.503
297.958
298.272
298.097
298.221
298.306
298.019
298.467
298.371
298.405
298.513
298.443
298.821
298.819
298.268
297.933
297.546
299.013
298.92
298.807
298.111
297.726
298.097
298.035
297.784
298.358
297.674
297.636
297.466
297.305
297.375
296.743
297.569
297.309
297.16
297.268
296.677
297.656
297.322
297.273
296.504
293.83
293.588
293.994
293.823
293.538
293.442
293.574
293.393
293.258
292.779
291.846
293.006
292.774
293.534
294.31
294.5
295.267
295.506
295.968
296.29
296.532
296.933
297.495
297.884
298.241
298.702
299.214
299.91
299.989
300.188
300.615
300.691
300.925
299.656
300.136
300.469
300.69
300.906
301.095
301.917
302.431
302.249
302.537
303.112
303.338
303.891
303.533
303.793
304.12
304.242
304.949
304.596
304.792
305.025
304.592
305.247
304.91
304.744
305.309
306.348
308.744
307.816
308.47
308.774
309.266
309.769
310.162
310.628
311.187
311.982
313.49
313.857
313.665
313.937
314.675
315.072
314.83
314.133
313.564
313.307
313.68
313.423
312.79
312.332
312.166
312.131
311.806
311.61
311.545
311.33
311.307
311.287
311.12
312.742
312.476
312.534
312.547
312.529
312.164
312.007
311.644
310.812
310.743
310.186
310.409
310.345
311.111
311.162
310.747
310.824
311.01
311.997
312.234
312.17
312.243
312.104
313.007
313.756
313.493
312.927
313.442
315.133
315.123
315.552
315.251
314.856
315.112
315.283
315.557
315.586
313.681
313.698
314.154
314.27
314.389
313.737
313.932
314.57
315.007
314.977
314.603
314.916
315.593
315.971
316.128
316.366
316.174
316.07
316.222
316.37
316.433
316.34
316.371
317.23
317.486
316.518
315.404
315.564
316.119
316.495
317.044
318.045
318.082
318.651
318.685
319.358
319.475
318.699
319.134
317.905
316.315
315.961
316.288
316.623
316.482
316.656
316.767
314.97
315.092
315.347
315.821
315.792
315.268
314.909
314.824
315.302
314.947
314.513
314.086
314.008
315.925
316.136
316.59
316.064
316.131
316.804
316.913
316.848
316.506
316.432
317.181
317.332
316.955
316.716
316.585
316.479
316.405
316.126
315.997
315.51
315.315
315.469
315.605
315.085
314.695
315.873
316.97
315.951
315.325
314.524
314.242
314.461
314.336
313.959
312.494
312.377
312.295
313.147
312.153
313.126
314.853
314.989
314.619
314.352
314.885
315.102
314.764
316.666
316.718
317.183
316.807
316.68
317.177
317.349
317.913
317.776
317.826
318.301
318.551
318.478
318.255
316.272
316.037
316.643
316.446
316.441
314.314
313.459
313.461
313.534
313.288
312.176
312.315
312.662
312.674
312.688
312.647
313.133
313.338
313.797
314.14
314.589
314.854
313.281
313.533
313.435
313.432
314.259
314.121
314.719
314.775
314.823
313.923
313.993
315.141
314.763
314.592
312.761
313.708
313.432
313.412
313.245
310.821
310.772
310.917
310.698
310.82
310.891
310.676
310.378
310.343
310.028
307.701
307.457
307.311
307.285
306.893
305.393
305.254
305.323
305.397
307.321
306.509
306.371
306.201
305.681
307.608
308.301
308.291
308.405
308.332
309.082
308.852
308.387
308.46
308.496
309.116
309.118
308.786
309.062
308.965
308.96
308.661
310.468
310.655
311.107
311.539
312.086
313.072
313.072
313.378
312.822
313.798
313.932
314.017
314.31
314.324
316.191
315.253
315.8
315.491
315.748
318.581
319.05
319.393
319.023
319.099
318.95
318.987
318.351
318.372
318.742
320.54
320.674
320.651
320.719
320.362
321.859
321.979
322.223
321.64
321.066
322.024
322.198
322.412
322.123
321.556
321.766
322.166
322.401
322.654
322.832
320.813
321.102
321.12
320.871
314.199
313.617
313.621
312.959
312.972
311.127
311.238
311.333
311.628
311.552
311.059
310.833
310.616
310.85
310.817
311.848
311.84
311.674
311.513
311.718
311.9
310.09
309.868
309.01
309.293
309.23
309.279
309.235
309.26
309.937
309.991
309.797
309.922
310.892
311.168
310.42
310.201
310.213
310.138
310.165
311.101
311.13
309.45
309.206
309.53
309.384
309.301
308.189
308.118
308.743
308.958
308.994
308.579
308.155
307.064
306.769
306.906
305.818
305.665
305.353
311.153
311.441
310.039
310.172
310.124
311.654
310.895
309.15
308.906
308.618
308.714
308.683
307.206
307.037
307.082
306.679
306.302
304.807
304.583
304.04
303.625
304.966
306.085
306.868
306.695
306.463
305.984
303.984
303.673
303.488
303.228
303.399
301.97
301.822
301.196
301.721
302.431
300.914
300.885
300.76
300.652
300.57
300.419
300.532
300.719
301.311
301.408
302.049
302.12
302.121
302.324
302.023
301.955
302.096
302.955
302.966
304.778
305.754
305.296
305.876
306.002
304.299
305.854
305.869
305.678
305.545
305.833
306.628
305.828
305.707
305.769
305.493
306.804
306.407
306.059
306.002
306.314
307.892
308.066
307.848
308.003
308.219
308.182
307.771
307.814
307.79
307.716
308.72
308.452
308.364
308.315
307.995
309.271
309.031
309.207
309.011
309.034
310.668
310.874
309.647
309.378
309.183
310.955
310.857
308.508
308.258
308.249
308.495
308.557
307.726
307.6
307.503
307.562
307.52
306.189
305.312
305.333
305.414
306.031
304.32
303.302
304.834
304.785
304.77
303.201
303.235
303.601
304.16
304.792
301.722
301.405
301.359
301.317
301.653
301.715
301.824
301.099
301.028
300.283
300.851
301.075
301.25
301.365
301.767
302.002
302.136
302.437
303.284
302.725
301.327
301.386
301.604
301.787
302.233
301.06
301.196
301.047
301.003
300.804
301.276
301.611
301.805
301.859
301.856
303.837
303.946
303.958
304.082
304
304.953
303.609
303.797
303.857
303.146
304.338
305.381
305.109
304.76
304.632
306.255
306.938
307.1
307.04
306.252
307.881
307.802
306.933
306.189
306.139
308.994
306.552
306.518
306.488
306.07
306.085
305.783
306.509
306.618
306.974
306.801
304.545
304.27
303.93
303.76
302.393
302.256
301.387
301.193
302.057
303.012
303.011
302.917
302.823
302.757
304.458
304.351
304.446
304.279
304.333
304.925
303.798
303.779
303.611
303.651
303.705
303.138
302.822
302.682
302.35
302.205
303.182
303.062
303.018
303.818
303.959
303.687
303.254
303.434
303.539
303.582
304.043
304.154
304.298
305.34
305.651
306.038
306.682
307.704
308.158
308.694
311.651
311.855
310.773
311.301
311.439
311.799
311.965
310.503
311.289
311.569
313.929
314.307
314.143
314.206
315.435
315.741
316.615
316.347
316.564
317.133
317.259
317.308
317.444
317.395
317.322
317.559
317.482
317.693
317.353
317.624
318.752
318.783
318.904
318.601
318.797
318.739
319.037
319.03
319.513
319.488
319.86
320.144
320.383
320.426
320.264
320.705
321.983
322.659
323.002
323.232
321.375
320.896
321.194
321.329
321.111
320.626
321.007
321.1
321.106
321.265
321.315
321.102
322.669
323.074
323.571
324.1
324.584
326.117
326.16
325.979
326.03
325.907
324.87
325.227
325.65
325.763
326.062
326.377
326.686
326.928
326.944
327.305
327.495
326.898
327.163
327.395
327.656
327.715
328.064
328.041
328.147
328.214
328.288
328.582
328.594
329.132
328.841
328.643
328.359
326.661
326.705
326.556
326.321
326.236
325.883
325.681
325.114
324.189
323.315
322.674
324.346
324.732
324.431
324.306
324.025
324.372
324.102
323.626
323.411
322.963
321.989
322.026
321.738
321.339
320.811
318.626
318.348
318.404
318.49
318.752
318.355
318.347
318.748
318.408
318.097
317.397
317.046
316.719
316.221
316.013
315.771
315.48
314.661
315.144
314.972
314.823
314.059
314.13
314.356
314.379
314.706
314.286
314.276
314.395
314.462
314.041
313.63
313.747
313.905
315.541
315.541
315.503
314.26
314.104
314.525
314.429
314.166
313.564
313.934
313.301
313.189
312.923
312.372
312.154
312.122
312.066
312.041
310.361
310.185
310.146
310.868
310.367
309.789
309.66
309.621
311.099
310.728
310.174
310.03
309.912
310.073
309.755
310.326
310.426
310.295
310.595
310.274
310.776
310.396
310.235
310.413
310.492
310.995
310.784
310.622
310.358
310.849
310.748
308.841
308.459
307.897
308.05
307.765
305.867
305.554
305.742
306.25
306.259
305.12
304.951
305.039
305.015
306.224
304.984
303.904
303.925
304.343
305.262
304.726
305.208
305.337
304.754
305.068
305.147
305.515
305.858
306.368
308.522
308.643
308.991
309.154
307.624
308.109
308.116
307.903
308.233
308.525
309.174
309.304
308.587
308.701
308.978
309.473
308.957
308.582
308.837
309.514
309.394
309.753
309.482
309.637
309.755
309.981
310.321
310.243
310.166
310.343
310.214
311.925
311.908
311.872
312.095
312.221
314.167
314.424
314.378
314.281
313.384
314.486
314.952
315.093
315.474
315.671
317.249
318.641
318.537
318.291
318.539
319.44
320.168
320.204
321.141
321.136
321.498
321.534
320.505
320.407
319.965
320.232
320.309
319.753
322.229
322.149
321.764
321.856
321.38
321.156
321.128
321.052
320.847
320.575
319.166
318.807
319.261
319.459
318.792
318.468
318.418
318.506
318.615
318.291
318.114
317.867
316.954
317.095
316.897
316.787
316.695
315.915
316.193
316.296
316.292
316.151
315.918
315.852
316.185
316.309
317.283
317.267
316.589
316.262
315.731
314.549
314.408
312.32
312.344
312.504
312.246
311.945
311.485
311.578
311.674
309.607
309.37
309.16
309.665
309.374
309.504
309.201
308.406
308.848
308.832
309.052
309.23
309.452
308.851
309.028
309.093
309.081
310.084
309.776
311.123
311.536
311.768
312.073
311.139
311.377
311.884
312.037
312.443
312.175
311.551
311.724
312.646
312.401
312.928
312.742
313.163
314.277
314.236
314.536
314.136
314.281
313.781
313.936
314.031
313.742
313.916
313.944
314.651
314.815
315.125
316.076
316.306
318.255
318.745
319.107
318.805
319.319
318.788
318.82
318.705
321.219
321.629
321.891
322.231
322.166
322.489
322.562
323.241
323.051
323.146
323.089
322.637
322.438
323.301
323.252
323.18
323.24
322.129
322.607
322.481
322.637
322.838
322.835
324.612
324.384
323.914
323.771
323.748
324.265
324.837
324.722
324.099
324.205
323.631
323.788
323.381
323.057
322.342
321.929
319.611
319.01
319.716
319.65
318.926
319.407
319.293
319.337
319
316.064
315.443
315.738
315.549
315.883
315.363
315.159
315.632
315.291
315.975
314.925
314.82
314.443
313.995
313.79
313.457
312.919
312.723
312.631
312.642
313.032
312.368
312.261
313.082
313.221
312.522
312.204
312.209
312.153
313.075
312.997
312.714
312.442
312.092
312.115
311.879
312.024
311.832
311.173
311.206
311.149
311.368
310.046
310.432
310.265
310.853
311.034
309.813
309.923
310.521
310.701
312.953
312.279
312.235
311.826
312.326
311.954
311.527
311.237
311.097
313.676
314.046
313.26
313.038
312.528
311.708
311.267
310.17
309.915
309.739
309.926
310.089
310.049
309.906
309.89
310.191
310.603
310.692
310.753
310.581
310.047
310.457
310.022
308.673
308.609
308.429
308.092
307.666
307.65
307.604
307.551
307.658
307.391
306.079
305.847
305.526
305.408
305.812
305.294
303.874
303.452
301.907
302.897
303.191
303.646
303.668
303.772
305.069
303.831
303.962
304.105
304.54
304.239
302.624
303.014
303.431
303.877
304.622
303.399
303.516
303.793
304.022
304.648
304.533
304.585
305.351
305.62
306.628
307.173
307.228
307.861
307.859
307.398
306.86
306.973
306.878
307.137
306.904
306.115
305.248
305.45
305.415
305.343
304.011
303.729
304.522
304.184
304.495
304.098
303.752
304.12
304.368
304.76
306.155
304.292
304.783
304.78
303.693
304.143
305.682
306.306
307.764
305.446
304.48
304.088
304.248
304.374
304.654
305.273
303.794
303.915
303.691
305.516
307.604
307.573
307.642
307.764
307.567
309.508
309.115
309.243
309.7
310.05
310.65
310.491
310.753
311.132
311.44
311.593
312.399
312.989
313.067
314.1
314.864
315.335
315.869
316.516
314.728
315.291
317.024
316.268
316.637
317.444
320.874
321.958
322.65
324.449
325.1
325.335
326.328
326.794
327.646
328.021
328.451
326.439
326.299
327.066
328.809
330.089
330.31
330.592
331.1
334.458
335.019
335.871
335.336
335.486
335.647
336.74
338.782
339.132
339.554
339.966
340.102
340.769
341.178
341.575
342.159
342.492
343.829
344.446
344.022
344.649
344.425
345.484
345.452
345.351
345.743
345.996
346.102
346.591
347.254
346.419
347.16
347.67
346.772
347.099
350.431
351.914
350.265
352.303
351.372
352.153
352.548
353.015
353.435
353.494
352.064
353.178
353.847
354.215
354.297
354.976
354.948
360.697
361.902
361.902
362.358
362.96
363.645
364.094
364.675
365.721
367.624
368.084
369.4
369.447
369.36
368.715
369.657
370.288
371.171
371.853
371.585
372.083
372.57
372.73
373.206
373.475
371.816
372.387
373.591
373.837
375.14
375.785
376.679
377.62
377.749
378.243
378.636
378.698
379.125
379.153
379.675
380.038
382.08
382.14
382.485
382.929
385.202
385.698
388.093
388.573
388.715
388.139
388.019
388.625
391.306
392.036
392.32
392.864
393.509
393.246
394.368
395.697
396.256
397.041
397.137
397.873
397.848
398.73
399.258
399.041
395.151
394.549
394.232
391.378
392.788
394.593
394.83
395.158
395.859
395.958
397.602
397.975
398.48
399.352
400.175
399.267
401.918
400.284
400.627
401.14
401.641
402.144
403
403.409
404.225
404.302
404.743
405.349
405.738
408.578
407.836
407.908
407.633
407.977
408.272
408.683
409.451
409.358
409.336
406.308
406.974
408.048
408.977
409.016
406.714
407.181
406.984
407.082
407.227
408.122
408.468
408.159
408.125
408.344
408.832
408.841
408.935
408.883
409.05
410.225
414.808
416.327
417.752
422.672
423.168
423.462
423.659
423.831
423.76
423.941
423.93
424.111
423.912
423.861
423.799
425.537
426.01
428.405
428.617
428.496
427.6
427.548
427.627
427.771
427.627
427.749
428.218
427.856
428.085
428.544
430.121
430.598
430.359
430.841
431.121
430.592
430.83
431.394
431.642
435.578
435.434
435.63
433.174
433.57
436.866
435.365
434.094
433.357
433.632
434.065
434.608
435.237
435.517
436.273
436.513
436.89
436.933
437.207
437.627
437.407
437.572
437.823
437.879
435.97
435.562
435.841
436.667
437.107
437.533
437.974
438.353
436.396
436.885
437.075
437.294
437.888
438.144
438.321
436.904
435.275
436.375
436.708
437.13
437.467
437.802
434.573
434.51
434.486
434.427
434.078
434.065
433.72
434.218
434.027
434.068
434.694
434.71
434.889
435.11
434.776
434.664
435.376
436.807
437.251
437.391
439.154
441.193
442.154
442.075
442.221
442.489
442.793
443.246
442.969
443.292
442.67
443.67
443.908
444.017
444.418
444.794
445.202
444.006
442.021
442.49
442.786
442.849
443.072
443.139
443.053
440.282
442.751
442.962
442.917
442.948
442.831
442.464
442.064
443.88
445.936
446.155
446.137
446.277
442.955
443.177
447.398
447.755
448.585
448.9
449.125
449.085
450.077
450.286
450.719
451.195
451.44
451.968
449.716
450.633
451.504
451.892
451.654
453.398
453.542
451.726
451.543
452.232
453.01
453.599
454.033
454.262
454.62
454.932
454.574
455.181
456.412
454.533
455.043
455.523
455.573
455.786
456.169
457.969
462.561
462.338
463.189
463.783
464.077
464.436
463.901
467.889
468.928
468.787
469.685
470.545
471.187
472.111
473.038
473.958
473.559
473.268
474.022
474.465
478.269
478.757
479.009
479.308
479.766
479.209
479.814
480.194
479.742
480.863
481.072
480.625
480.568
479.772
481.925
480.594
480.391
480.462
480.259
480.112
479.454
480.663
480.802
480.457
479.923
480.025
479.246
478.436
478.068
477.482
477.97
477.56
477.191
479.573
478.954
478.239
477.707
476.35
475.971
475.737
475.799
476.044
475.32
474.272
473.251
472.981
474.173
473.423
472.827
473.114
472.893
472.234
471.553
471.412
471.688
471.234
471.88
472.128
471.473
471.428
470.846
470.644
470.683
470.498
470.218
471.215
470.614
469.312
466.309
466.322
466.634
467.57
468.648
469.977
470.881
470.871
470.628
470.907
470.96
471.165
471.603
472.894
471.847
469.259
469.521
469.497
469.553
469.857
469.88
469.998
469.938
469.545
469.717
470.021
470.329
470.978
471.424
473.347
473.417
473.663
473.483
473.677
474.446
475.073
476.558
477.206
477.727
478.325
477.837
478.382
478.394
478.726
479.277
479.629
479.939
480.348
480.352
481.141
481.907
482.209
483.887
484.85
485.412
485.428
486.021
486.275
487.484
489.916
493.701
493.895
490.941
490.363
490.288
489.414
489.977
491.435
492.423
493.152
493.719
494.029
494.51
494.921
496.214
499.575
497.432
497.186
497.617
498.28
498.506
498.488
498.129
498
498.315
498.452
497.918
498.17
498.415
497.813
497.519
497.667
498.018
498.17
497.674
497.816
497.488
497.155
496.597
496.414
497.214
496.811
497.022
496.267
496.386
496.867
493.879
493.733
494.013
490.928
490.695
490.769
490.66
489.932
487.744
488.051
488.324
487.922
487.469
486.713
486.333
485.812
487.748
487.883
487.405
486.198
485.527
485.36
484.889
483.831
482.928
482.779
482.522
482.146
482.52
482.126
484.317
484.655
481.919
481.616
481.782
482.191
483.335
483.792
483.689
483.828
481.873
481.671
481.795
481.924
482.31
481.418
479.447
478.547
477.47
477.282
476.868
476.858
477.337
477.182
476.199
475.932
475.872
476.295
476.264
475.917
478.652
478.189
478.406
481.574
481.104
481.217
479.085
476.738
478.666
478.068
477.74
477.527
476.929
477.194
477.621
477.59
478.704
478.537
478.602
480.208
479.36
478.861
478.486
479.22
479.522
479.505
479.755
476.364
475.779
474.205
474.439
473.961
476.673
476.09
475.724
475.196
475.019
475.344
475.018
474.657
477.36
477.322
476.971
474.447
474.377
474.925
476.692
477.491
477.909
477.784
478.071
477.888
477.516
477.864
478.731
479.425
479.216
478.604
478.789
478.652
478.336
478.92
478.717
478.546
478.835
478.696
480.831
483.34
482.837
483.35
483.356
484.078
484.848
484.849
484.562
484.939
484.062
483.714
483.743
483.173
484.349
485.032
484.484
484.347
484.36
484.349
484.318
487.839
488.603
490.471
490.702
491.28
491.723
492.623
493.021
493.975
493.906
493.345
493.366
493.702
493.755
493.178
493.389
496.142
496.456
496.744
497.162
497.455
498.551
498.032
498.409
498.931
499.257
493.12
491.236
491.058
490.882
491.737
492.015
489.699
484.843
482.753
481.623
479.885
479.315
477.908
477.31
476.981
477.069
476.899
474.664
473.09
470.631
469.011
468.418
466.177
466.599
467.028
466.488
463.588
463.602
463.44
463.884
464.001
464.605
465.081
464.597
464.401
464.619
464.853
464.481
464.71
464.525
464.383
464.892
464.091
464.031
464.551
464.896
465.003
465.054
465.701
465.759
465.767
465.652
465.692
465.719
465.849
465.742
466.601
466.331
466.267
463.05
467.8
468.047
468.489
469.086
469.098
468.599
470.875
475.559
476.878
478.287
479.98
480.682
482.001
482.037
482.054
482.026
480.781
480.401
481.663
483.93
485.084
485.914
487.669
486.736
486.592
486.171
488.948
488.228
487.478
488.072
487.227
486.852
486.606
487.397
487.479
485.052
484.64
484.281
480.22
479.677
479.445
478.159
478.604
478.434
478.252
478.268
477.161
476.668
476.538
471.95
472.029
472.085
472.818
472.713
470.959
471.157
471.355
471.196
470.687
473.466
473.13
474.247
470.577
469.992
469.913
470.257
470.329
470.359
470.871
470.704
470.314
470.767
470.944
471.614
471.865
472.172
473.857
476.048
472.893
473.049
472.619
473.017
473.791
474.304
474.448
474.848
472.014
472.124
472.654
472.952
470.806
470.858
470.473
470.395
469.879
471.91
472.081
472.247
476.289
476.695
477.604
478.069
477.179
477.456
475.662
475.535
476.644
477.29
477.846
482.825
482.214
482.316
480.611
480.716
482.468
482.521
482.608
483.12
482.779
483.193
484.132
484.525
487.866
485.383
485.357
484.063
480.572
480.779
480.899
480.972
481.332
481.079
481.415
481.068
479.955
479.892
479.508
479.556
483.231
482.193
483.175
483.024
481.42
482.019
482.338
482.815
486.908
487.32
487.969
486.488
489.936
490.322
490.937
491.109
492.063
492.284
490.772
491.34
491.032
489.464
488.775
489.067
490.671
491.148
493.676
494.131
494.218
493.412
491.993
491.963
492.458
492.487
493.879
493.907
493.615
493.176
491.763
491.593
492.57
492.195
492.021
492.562
493.303
496.709
496.693
498.284
502.25
502.294
502.546
502.777
502.967
503.338
502.436
501.621
503.024
503.301
503.007
503.449
503.544
505.078
501.003
500.315
502.054
502.111
502.027
501.514
501.375
501.365
500.751
498.253
497.333
496.58
496.024
495.592
495.521
494.705
496.541
495.747
495.586
497.193
497.139
497.279
496.468
494.28
493.85
490.009
489.519
489.025
489.195
488.484
487.817
487.656
485.969
485.272
485.128
484.583
485.122
484.293
483.652
483.407
482.212
481.6
480.424
479.599
479.67
478.194
477.178
477.093
476.271
475.794
475.328
474.614
474.415
472.792
472.279
471.56
471.278
471.095
470.103
469.652
472.31
472.951
472.857
471.578
470.951
470.822
470.641
469.959
469.269
472.33
472.399
472.528
471.525
471.269
470.532
470.642
469.653
469.374
468.864
465.31
465.065
464.527
461.625
462.494
461.945
464.371
463.496
463.604
464.247
463.569
463.961
463.989
464.984
465.719
465.306
465.803
465.824
466.454
466.28
466.286
466.798
466.632
463.812
463.768
463.634
464.103
462.695
462.099
461.801
460.594
460.923
460.849
460.984
462.779
462.966
463.282
459.489
458.338
459.032
458.534
458.988
458.262
457.821
458.634
458.915
459.417
458.527
459.291
459.86
459.836
460.191
460.118
461.126
461.222
460.646
460.978
461.582
462.217
462.75
466.204
466.304
463.694
465.236
465.58
465.219
465.17
466.185
467.127
467.554
468.525
468.957
469.139
469.387
469.281
470.338
470.592
471.145
469.973
470.827
470.976
471.777
472.091
475.324
475.563
471.829
467.473
469.99
470.718
470.982
472.319
472.149
472.2
471.907
471.841
471.495
471.034
475.109
475.79
475.235
475.487
475.234
474.911
474.93
474.476
474.358
473.679
473.606
473.384
473.645
473.794
470.942
471.072
470.861
471.418
471.975
472.255
471.927
471.675
471.06
470.667
470.233
473.202
474.567
474.791
474.951
475.09
474.473
473.869
472.562
470.767
470.017
469.166
468.801
468.088
467.039
466.308
464.871
465.247
464.843
464.744
464.013
462.604
462.253
460.511
463.051
465.802
464.312
463.772
463.963
463.654
463.572
463.956
464.797
465.238
464.886
463.818
463.85
463.982
463.83
463.785
463.999
464.75
463.081
463.631
463.625
463.506
464.698
464.802
464.844
464.755
465.985
466.421
465.323
464.73
465.43
465.214
465.566
465.914
463.874
464.378
461.874
461.822
461.882
461.882
462.586
462.69
463.488
463.936
464.585
466.561
466.686
467.44
467.778
468.537
467.247
466.742
467.915
468.395
468.491
469.14
469.654
470.77
467.837
468.365
469.545
471.679
472.305
472.294
472.52
472.755
470.728
380.601
364.861
364.555
364.902
365.712
365.477
365.779
366.254
366.503
366.772
366.735
368.145
368.254
366.363
366.833
366.641
366.656
366.74
366.911
367.719
367.308
368.102
368.245
368.205
368.072
368.061
368.077
369.692
369.406
368.872
368.683
368.63
368.475
368.329
368.294
368.204
368.024
368.195
368.169
368.029
367.883
367.798
367.602
368.728
369.674
369.949
370.394
370.631
370.679
370.84
370.938
373.125
374.189
374.038
374.219
374.703
374.895
374.916
374.985
375.673
463.335
489.237
490.557
491.455
492.169
493.558
493.768
491.473
491.972
492.868
490.743
490.965
491.022
494.22
494.881
495.174
495.335
495.27
494.482
495.268
496.457
497.028
497.511
496.435
497.27
497.601
498.151
495.416
495.814
500.2
499.432
500.02
500.303
500.011
500.472
499.484
499.682
499.374
498.922
499.472
499.339
499.643
499.535
499.034
498.04
497.034
496.023
495.761
495.374
494.902
495.073
491.102
490.791
491.03
490.541
489.989
489.413
489.459
489.31
489.871
489.71
486.564
485.462
483.656
482.669
481.54
480.268
482.283
481.236
477.982
479.439
478.092
477.6
478.248
476.884
475.907
475.148
474.935
475.472
474.641
473.485
472.223
471.453
471.863
471.181
470.94
470.288
472.503
472.385
472.889
474.21
473.945
473.63
473.84
474.019
475.142
475.539
476.075
472.271
472.405
472.932
472.99
473.606
474.09
474.771
475.562
473.791
473.927
474.186
473.159
472.88
476.727
477.121
477.844
477.955
478.61
479.598
480.136
480.946
481.941
482.598
486.08
486.679
484.339
485.187
486.094
487.378
487.327
485.466
487.758
488.772
490.174
490.701
491.272
492.654
493.913
494.798
495.121
495.719
496.253
496.547
497.873
498.736
499.765
500.257
500.432
500.283
500.715
497.518
497.276
497.54
497.611
497.96
496.279
496.014
495.514
495.26
495.319
500.201
500.173
499.837
495.098
494.641
494.752
493.777
493.676
496.33
496.09
495.598
496.609
497.26
497.338
494.71
494.167
494.313
494.18
493.258
492.789
491.981
491.153
490.086
488.947
488.708
492.279
491.771
491.339
490.775
490.439
491.892
492.176
491.8
488.883
488.977
487.917
486.89
486.269
482.505
481.839
481.203
481.086
480.84
480.048
479.333
478.775
477.985
477.76
477.604
477.517
480.57
480.101
479.809
479.252
478.814
476.925
476.863
476.67
476.17
475.416
475.002
474.231
474.093
478.088
478.16
478.098
478.744
478.55
478.331
478.362
478.144
478.219
477.601
477.171
478.959
478.675
478.139
477.123
476.879
475.179
474.753
474.929
475.088
475.044
474.814
474.048
472.74
472.874
473.006
473.269
473.946
473.606
473.338
474.024
473.682
473.96
474.086
469.668
472.659
472.795
472.926
471.567
471.741
471.799
471.609
471.528
470.796
470.619
469.395
469.166
468.742
468.315
468.202
468.345
468.336
460.319
459.394
459.829
460.283
460.268
460.323
461.141
461.424
460.663
460.796
460.865
460.683
460.772
460.723
460.886
461.316
458.868
459.116
459.277
458.139
457.801
457.88
458.315
458.633
460.011
459.99
459.541
459.165
458.82
458.816
459.295
460.352
459.695
459.386
458.672
458.381
458.275
457.841
459.053
457.869
457.3
456.856
460.715
460.641
460.737
460.582
461.344
460.715
460.661
460.771
460.782
461.491
461.303
462.345
462.137
457.544
434.458
426.247
422.238
421.848
431.208
431.841
431.378
431.196
431.269
430.51
430.435
430.165
430.775
429.392
428.928
428.435
427.936
425.389
424.875
424.715
427
426.927
426.844
427.959
428.167
428.042
428.019
427.944
427.538
427.888
427.995
428.128
428.061
427.57
427.242
427.073
427.048
426.894
427.271
427.472
427.288
427.606
427.765
428.779
428.752
428.847
428.39
428.321
425.444
425.372
425.07
425.56
425.612
425.353
425.234
424.601
424.681
424.615
424.553
428.509
449.081
458.42
463.153
462.841
462.689
462.382
462.397
461.663
461.032
461.074
459.738
459.01
458.073
458.948
458.32
458.131
457.567
459.699
458.856
457.694
456.482
455.682
454.958
454.312
454.003
450.46
449.963
449.515
449.226
448.852
448.491
448.37
448.35
448.75
448.671
448.478
448.521
448.275
448.01
447.436
446.013
445.601
444.706
444.575
444.868
444.999
445.617
444.741
447.609
447.547
447.752
447.518
447.143
446.603
446.054
443.156
442.725
441.75
441.361
441.135
442.799
442.288
441.669
442.168
442.499
442.753
442.486
442.91
442.723
440.784
441.296
441.443
441.817
441.508
441.941
442.017
442.44
442.211
442.629
443.509
444.079
444.481
444.629
443.749
443.578
447.162
447.525
448.025
448.475
446.481
443.174
442.529
442.619
442.558
442.913
443.185
443.533
443.929
444.24
441.561
442.915
442.772
442.964
442.336
441.93
441.705
440.235
441.083
440.921
440.598
440.381
440.479
440.588
441.244
440.912
444.285
444.53
445.264
445.151
445.188
445.544
444.993
445.158
444.978
444.779
444.426
444.33
444.094
444.405
445.588
445.778
445.224
445.259
445.58
444.664
444.627
441.942
442.26
441.634
441.358
441.237
440.912
440.647
439.331
439.397
438.916
438.559
437.847
437.707
439.21
442.208
442.541
442.351
441.891
441.452
440.752
439.923
439.81
438.841
441.56
441.365
441.298
441.127
441.134
441.337
438.654
439.987
439.672
439.558
439.775
439.847
439.93
438.251
437.927
438.094
437.564
437.006
436.891
436.769
435.775
435.063
435.277
435.104
435.135
434.858
434.564
434.646
434.51
434.694
435.908
435.795
436.532
436.527
436.465
437.019
437.086
439.847
440.116
441.032
441.066
441.027
441.113
441.31
443.608
443.709
443.849
443.258
442.865
442.342
441.448
441.424
441.033
440.678
440.573
440.274
440.446
440.787
440.292
440.543
440.511
440.363
440.14
440.446
440.356
440.163
442.483
441.832
441.796
441.636
441.244
441.311
440.345
441.705
441.37
441.608
441.897
441.802
441.717
441.103
441.615
441.614
441.462
441.394
441.07
441.03
440.328
440.356
440.174
440.028
439.562
439.654
439.533
439.244
438.713
439.084
438.969
438.714
438.518
438.07
437.922
437.175
436.789
435.713
435.485
435.099
434.785
435.257
435.226
435.199
435.859
435.811
435.887
435.99
436.153
435.397
435.611
435.278
435.001
434.94
434.822
434.907
435.353
434.488
434.438
434.067
434.05
434.06
434.133
434.2
434.497
434.162
434.631
433.385
433.584
433.437
433.158
432.41
432.244
432.967
433.257
433.491
433.667
433.839
433.467
433.402
433.979
433.818
434.036
433.983
433.673
431.966
431.721
431.674
431.871
431.507
431.122
430.665
429.933
429.8
429.711
430.267
430.092
430.79
430.54
430.735
430.734
430.635
431.011
430.911
431.219
431.42
431.464
431.018
430.921
431.7
431.552
429.696
429.495
429.65
429.092
428.985
428.626
429.308
429.578
429.921
429.851
428.417
428.326
428.339
428.115
428.133
427.862
427.798
427.413
427.565
427.58
428.539
426.936
427.126
427.136
426.238
426.141
426.283
426.433
426.311
426.609
426.293
423.549
423.484
423.638
424.915
424.657
424.644
424.63
422.87
423.374
422.86
422.564
422.704
421.917
422.1
422.461
422.766
422.943
421.899
422.208
422.233
422.54
422.395
422.302
421.923
421.993
422.564
422.352
422.407
419.972
421.83
421.485
421.174
421.557
421.676
421.647
421.049
420.708
420.437
420.472
421.62
421.276
421.174
420.721
420.844
421.015
422.146
422.231
421.957
421.81
421.396
423.229
423.167
423.248
423.951
423.698
421.682
421.728
421.8
422.064
422.614
425.456
425.583
425.795
426.251
426.334
426.819
426.885
429.093
429.071
430.259
431.215
430.537
430.527
430.513
430.679
430.547
430.585
430.495
354.491
354.48
352.646
353.042
353.063
353.303
353.446
353.819
353.95
353.312
355.106
355.271
355.775
356.128
356.344
356.338
356.551
356.425
356.663
356.742
356.29
356.502
356.605
356.546
356.298
356.219
356.201
356.152
356.258
356.456
356.687
356.989
357.056
357.062
356.916
357.026
357.187
358.682
358.456
358.537
358.126
357.863
357.73
357.699
357.727
357.456
357.307
357.134
357.14
357.013
356.827
356.514
356.019
354.868
355.317
354.757
354.331
354.167
353.454
353.349
428.18
427.841
430.106
429.418
429.064
428.259
425.208
421.767
422.026
423.314
423.189
423.187
423.409
422.23
421.972
421.737
421.447
422.092
421.961
421.67
419.722
420.077
420.231
420.187
420.977
419.011
418.679
418.552
418.589
418.476
418.598
418.865
418.613
418.241
416.576
415.865
415.918
415.591
415.877
415.925
415.781
415.8
416.078
416.194
416.186
416.129
416.627
416.602
416.076
414.084
414.17
413.561
414.026
416.481
416.749
414.583
415.188
414.103
415.237
416.388
416.879
417.22
414.611
414.947
415
415.669
418.348
420.896
420.579
418.694
418.587
418.946
419.068
420.128
420.244
420.478
417.682
416.112
415.93
415.908
418.302
418.11
417.183
417.378
417.341
419.392
419.852
420.264
420.42
420.274
419.185
418.256
418.016
417.408
418.864
419.117
418.508
418.471
418.439
418.192
418.594
416.772
416.226
415.111
414.799
414.71
414.536
414.105
414.023
415.567
414.822
415.367
414.604
413.949
412.114
414.548
413.522
412.904
412.411
412.109
410.396
409.995
412.751
412.868
412.821
412.669
412.452
412.341
412.272
413.753
413.378
412.53
411.596
411.203
411.507
411.563
411.071
411.845
411.774
411.661
411.303
410.942
411.54
411.309
408.698
408.616
408.302
408.134
407.75
407.27
408.013
408.445
408.196
408.565
408.398
408.272
408.467
407.555
407.477
403.323
402.65
404.26
404.233
404.687
404.702
404.784
404.92
405.255
405.833
405.69
405.785
404.437
404.877
405.236
406.701
406.64
406.864
408.404
407.735
407.43
408.562
408.172
407.627
406.58
406.2
405.982
405.693
405.219
404.728
404.026
403.589
400.604
400.52
400.11
399.373
398.31
400.993
400.62
400.336
400.193
399.982
399.594
399.451
398.719
400.614
399.944
397.998
397.939
397.641
397.481
396.409
395.95
395.168
394.922
395.011
395.027
394.839
395.476
395.436
398.925
398.943
398.279
397.897
397.025
396.577
396.06
395.346
394.476
393.741
393.563
390.447
391.442
391.042
390.476
390.179
387.851
385.467
385.325
385.391
385.001
384.865
385.265
385.208
385.274
385.173
382.667
381.203
381.859
381.827
382.061
380.813
383.306
383.899
383.714
383.914
383.596
383.635
384.199
384.545
384.55
384.895
384.595
384.857
385.181
385.27
385.551
387.244
387.109
386.139
384.054
384.797
384.991
384.735
384.871
380.75
362.234
358.645
353.66
353.517
352.042
351.686
349.889
349.956
350.911
349.985
349.985
349.838
349.992
348.107
347.871
350.136
349.944
349.852
349.648
349.071
350.729
352.886
352.999
352.296
352.156
352.279
351.617
351.616
351.774
351.899
353.643
355.129
354.514
354.769
354.446
355.834
355.861
355.945
356.357
355.945
356.253
356.374
356.088
355.816
355.918
355.888
356.338
355.868
355.89
354.984
354.83
353.727
353.249
354.303
356.204
355.944
355.939
356.695
356.574
358.747
377.032
381.164
386.787
387.068
389.143
389.455
392.363
392.368
391.876
393.039
392.213
390.379
390.329
392.675
392.32
384.145
384.097
382.65
383.16
383.098
380.9
381.149
381.087
380.248
380.786
380.166
380.889
380.933
381.13
381.184
380.023
379.972
379.064
377.734
377.403
377.22
377.417
377.268
377.392
377.891
378.253
374.074
370.947
371.168
371.259
368.592
362.249
362.488
362.48
363.777
363.722
363.245
363.766
363.642
363.706
363.999
364.067
364.093
364.194
364.944
364.783
364.567
364.686
364.482
364.298
363.302
362.76
362.725
362.759
362.73
363.628
365.374
365.629
365.454
366.149
373.672
373.472
374.274
373.476
373.049
374.678
373.777
373.002
374.237
373.973
371.58
370.977
370.527
370.349
369.861
371.039
368.513
369.396
369.914
370.182
370.296
369.756
367.428
366.725
365.643
363.875
367.274
370.148
369.922
369.288
371.44
377.265
376.52
375.628
374.36
373.741
374.422
373.922
372.685
372.187
371.325
370.741
369.994
369.66
368.797
368.453
368.167
367.285
366.932
366.659
367.265
367.13
366.116
365.766
364.904
364.272
363.745
363.443
362.995
362.157
362.101
362.024
362.244
362.372
362.523
362.448
362.384
362.236
362.302
361.902
364.245
363.997
363.705
363.33
363.166
362.654
363.813
363.119
363.348
363.125
362.679
362.652
364.017
364.205
364.638
366.282
366.283
366.569
366.396
366.079
366.275
366.951
367.337
367.975
368.8
368.476
369.272
369.421
370.479
371.041
371.722
371.869
372.602
373.047
374.42
374.746
374.997
375.62
373.544
373.684
374.3
374.818
375.273
375.406
376.307
376.26
376.715
376.597
377.055
377.575
372.701
373.261
373.629
374.253
374.999
375.179
375.452
375.333
376.074
376.808
377.238
377.642
378.521
378.485
379.254
380.058
381.101
382.146
381.92
382.472
380.697
381.028
381.881
382.261
382.739
382.728
382.604
382.762
383.199
384.043
384.15
384.194
384.662
384.226
384.594
386.457
385.487
385.858
386.217
386.38
386.257
386.954
386.296
386.44
387.005
387.594
388.098
386.26
388.683
388.808
384.341
384.109
384.69
384.045
384.664
382.95
383.342
383.916
384.633
384.586
390.413
390.255
390.566
390.36
390.851
391.933
392.214
393.524
393.464
393.134
391.414
392.057
391.767
392.911
392.892
393.433
393.84
393.782
394.751
392.614
393.318
394.015
394.34
394.594
394.772
394.599
395.411
395.555
395.465
395.562
395.968
396.293
395.821
395.777
395.701
395.147
396.339
396.299
396.193
393.807
394.127
393.895
395.14
395.294
393.626
392.016
391.955
394.564
395.112
395.425
400.697
400.807
400.422
401.309
401.075
403.414
403.433
403.632
403.587
402.974
402.502
402.681
402.353
402.434
402.102
400.671
400.684
400.328
400.207
400.383
401.821
401.324
400.824
400.081
399.81
399.092
399.219
398.799
398.56
400.016
401.868
401.154
400.498
400.425
400.264
399.999
399.868
399.828
399.824
399.961
399.493
399.177
398.994
399.961
399.992
399.643
399.67
399.239
399.066
401.271
401.389
401.33
400.837
400.705
402.096
403.446
402.811
402.349
401.764
401.499
401.299
401.253
401.759
400.237
399.89
400.127
400.137
399.963
399.209
397.885
398.09
398.028
330.405
330.579
330.907
331.728
331.858
331.814
332.031
332.192
332.428
332.845
333.655
334.138
334.083
334.345
333.798
334.426
334.691
335.359
335.647
335.892
334.367
334.43
334.607
335.226
335.394
335.281
335.3
335.231
335.64
335.921
336.552
336.637
336.405
335.885
336.218
336.711
336.87
337.172
337.282
337.102
337.267
337.268
337.541
337.672
338.122
338.305
337.694
337.856
337.544
337.586
337.622
338.833
339.033
339.036
339.011
338.878
339.283
341.053
340.425
340.589
412.547
412.22
411.973
411.627
411.524
411.666
408.109
407.974
407.843
407.655
407.264
406.869
407.102
406.923
407.477
407.21
406.289
405.893
405.533
404.611
407.235
407.165
407.08
406.768
406.461
406.855
406.535
406.452
406.521
406.718
406.724
406.805
407.414
405.722
405.214
405.215
405.116
404.931
404.702
405.081
404.546
404.823
403.949
403.769
403.367
403.093
404.605
404.263
404.731
404.818
405.018
403.92
403.952
404.521
404.54
404.936
405.53
405.964
407.619
408.147
409.24
407.688
407.965
408.606
408.798
409.262
413.18
413.931
413.576
413.744
413.777
412.527
413.197
414.061
414.538
412.616
413.524
414.475
415.221
416.803
417.261
417.841
417.218
417.723
418.166
418.431
419.094
419.52
419.865
417.904
418.162
418.306
417.825
421.417
420.791
420.766
418.562
419.002
419.316
419.835
420.887
420.931
421.855
419.917
420.122
420.329
420.088
420.413
420.203
420.363
420.279
421.758
421.695
421.729
421.366
421.474
421.142
418.21
417.547
416.705
416.524
418.302
417.721
416.68
416.73
416.495
415.994
415.489
416.168
416.111
415.63
417.098
416.803
416.295
416.352
418.649
418.522
417.372
416.519
415.995
415.738
415.025
415.707
413.287
412.554
412.801
413.221
413.483
413.481
415.457
415.355
414.787
415.233
415.206
416.432
416.256
418.8
418.741
419.205
418.98
419.042
419.198
419.376
421.667
422.071
422.732
420.569
421.139
421.697
421.978
422.533
422.773
423.39
422.924
423.762
423.922
424.261
427.542
427.894
428.43
428.905
429.284
429.848
431.112
431.537
431.821
432.184
432.674
432.755
433.001
433.957
432.168
432.501
432.73
432.961
432.916
433.505
434.898
435.482
435.773
435.904
436.437
436.967
439.63
440.244
439.959
439.516
438.945
438.673
438.322
437.509
438.173
437.874
437.368
437.167
437.221
437.353
435.304
433.589
433.296
432.904
432.459
432.22
431.918
431.521
430.75
433.131
432.727
432.594
432.338
431.904
431.765
431.808
432.013
432.23
432.059
431.784
431.393
431.251
430.892
430.521
430.56
430.485
430.162
430.006
429.471
429.537
429.393
429.447
429.116
427.289
429.252
428.735
427.418
427.194
427.349
427.278
426.462
426.158
425.453
425.733
425.518
425.215
424.941
424.938
424.932
424.046
424.213
424.28
424.855
423.63
423.89
423.499
423.323
423.172
423.094
423.137
422.863
424.087
424.409
422.994
423.307
423.397
419.594
416.971
417.236
416.962
417.28
417.232
417.456
417.572
417.354
416.784
416.381
416.127
415.899
415.909
415.964
415.714
415.883
416.111
416.3
416.507
416.601
416.606
417.149
417.208
417.22
417.252
417.247
418.955
418.815
419.023
420.266
420.183
419.529
417.683
418.078
418.378
419.126
419.066
419.394
418.983
419.811
420.463
420.567
421.439
421.473
421.228
418.803
420.476
420.745
421.747
422.196
422.493
422.728
422.765
424.604
424.453
424.395
426.069
426.046
425.894
430.102
430.93
431.486
432.136
431.745
431.571
431.662
431.817
431.553
432.098
432.942
433.045
433.597
433.695
433.744
433.501
433.779
433.767
433.943
434.072
434.095
434.493
434.803
434.872
435.149
435.798
436.163
436.382
437.145
437.645
437.556
437.704
438.68
440.788
435.845
436.078
436.274
436.182
434.749
433.558
433.039
432.4
432.611
432.635
432.302
432.693
435.204
435.298
435.334
435.448
435.547
435.778
433.009
432.932
433.346
433.964
434.309
434.551
434.945
432.404
432.22
434.847
434.73
435.034
435.619
435.906
435.066
435.229
436.15
435.745
435.267
435.118
434.945
434.809
434.563
435.67
435.529
435.475
435.525
435.761
436.068
432.578
432.242
432.328
432.43
432.488
433.016
433.181
432.46
432.057
432.616
432.788
432.595
432.374
436.882
431.919
431.076
431.312
433.14
435.261
436.044
436.876
437.02
436.575
437.751
438.366
438.578
439.514
439.527
439.236
439.198
438.853
442.092
442.442
442.795
442.955
443.264
443.633
442.117
445.362
446.067
446.242
446.295
446.272
446.161
446.519
444.181
444.287
444.424
444.945
440.176
440.657
439.883
440.428
441.307
440.616
441.226
441.556
441.395
441.165
440.391
444.109
444.242
444.352
444.696
444.687
444.695
444.917
444.732
444.979
444.921
444.977
445.246
445.671
446.999
451.982
453.293
453.582
453.45
453.627
453.407
453.443
453.365
453.635
453.081
452.69
452.632
452.075
451.997
452.431
452.254
452.422
452.531
452.67
452.635
452.415
450.005
450.227
450.875
450.936
451.165
449.776
449.992
450.029
450.121
449.817
452.422
452.666
452.683
452.691
458.333
458.044
458.587
457.541
456.729
457.402
457.533
457.875
457.074
457.045
455.03
449.268
448.889
448.745
447.88
447.779
447.824
447.268
448.031
447.91
447.623
447.448
447.155
446.764
445.88
446.039
445.37
445.004
444.583
444.413
443.223
442.532
441.97
442.25
442.596
440.263
439.215
438.794
438.082
437.318
438.076
437.822
437.539
437.464
437.236
437.24
439.544
435.909
436.406
436.292
433.448
434.812
434.653
431.857
431.974
431.505
432.344
432.205
431.905
431.709
431.94
430.414
430.998
431.794
432.051
431.488
430.874
430.333
429.028
428.972
430.667
435.337
435.859
436.098
436.504
434.768
434.613
434.747
435.05
435.843
436.563
437.195
438.207
438.064
437.962
437.299
437.912
436.413
437.35
437.44
438.828
437.03
437.792
438.364
438.381
440.993
442.233
443.235
441.272
442.356
442.464
443.49
444.142
444.36
445.09
445.314
442.682
446.305
446.968
447.164
450.236
450.478
450.766
453.4
453.734
454.664
452.937
452.991
453.225
452.56
452.676
451.295
451.697
451.985
452.482
452.598
453.565
454.099
456.018
456.37
457.658
458.401
458.867
459.293
459.777
462.222
460.028
460.446
460.771
455.245
452.205
452.057
451.927
452.436
453.113
454.551
454.388
456.441
455.818
456.058
455.666
457.377
457.167
456.592
456.094
455.509
455.077
455.054
458.074
456.207
455.486
455.039
454.638
454.235
453.419
453.012
455.262
455.076
454.725
454.31
453.39
453.385
453.2
453.841
450.777
450.649
452.15
451.672
445.377
443.191
442.496
445.668
442.46
442.821
442.668
443.251
442.79
442.515
442.946
442.717
442.527
442.428
442.193
441.767
441.571
440.696
442.202
442.066
441.517
446.367
448.861
448.269
447.471
444.81
444.529
443.862
443.451
443.119
443.008
442.521
442.071
442.366
442.165
442.452
442.869
443.189
443.437
442.556
441.53
442.455
442.8
442.942
443.188
443.219
442.906
439.943
439.953
439.71
439.754
439.832
440.573
438.49
437.761
437.749
440.578
440.527
440.605
440.747
446.519
449.619
447.373
447.327
450.022
449.468
449.582
449.211
448.806
448.169
448.028
448.009
447.775
447.802
447.626
447.852
447.77
448.009
448.129
447.934
447.635
363.687
363.867
363.894
364.163
365.368
365.279
365.816
366.133
366.412
366.766
367.122
367.758
368.217
368.033
367.952
367.534
367.529
367.631
368.132
368.79
368.955
368.863
368.963
368.88
368.896
369.255
371.489
371.914
371.751
371.678
371.804
371.894
373.373
373.986
374.07
373.989
373.869
374.042
374.348
374.855
374.794
376.666
376.7
376.341
375.956
376.214
376.444
376.402
375.024
373.967
374.085
372.177
372.149
372.386
372.314
372.421
372.69
373.097
373.302
372.915
461.694
461.133
461.019
460.727
461.445
461.587
458.077
457.917
457.594
457.11
456.891
456.271
456.034
456.297
451.945
452.549
452.756
452.464
451.227
451.226
450.96
448.603
448.496
448.317
448.461
448.664
448.686
448.617
448.364
448.522
448.626
448.237
448.022
447.886
447.734
447.638
445.472
445.285
445.033
444.351
444.061
443.823
444.121
439.751
439.994
432.085
425.253
422.754
422.923
423.811
423.428
426.018
425.83
425.747
426.086
425.789
425.965
426.133
426.229
427.32
427.449
428.191
428.921
428.755
428.992
429.414
432.227
432.211
432.523
432.797
432.814
430.205
430.58
431.201
435.302
435.247
435.144
435.494
436.525
434.782
433.722
436.473
436.661
437.032
437.025
437.217
436.925
436.55
436.879
436.635
436.264
436.164
435.629
427.428
427.067
427.163
429.311
429.398
428.951
429.211
428.841
429.217
428.723
433.302
433.333
438.268
443.415
446.035
448.209
448.753
449.198
449.241
448.961
448.655
448.198
447.22
447.057
445.838
445.822
445.781
446.003
445.782
444.929
444.811
444.955
445.06
444.891
445.037
444.742
444.811
444.063
446.949
446.539
446.527
446.773
447.387
447.878
447.429
447.298
449.344
450.81
450.99
450.69
450.747
451.229
451.608
451.451
451.837
452.545
453.278
453.824
454.034
454.989
465.002
465.444
464.741
464.875
464.717
465.96
466.408
467.954
467.628
468.201
467.887
468.356
471.883
474.23
474.576
474.592
474.425
473.413
473.092
473.051
473.068
472.609
472.736
472.185
473.262
472.108
471.256
470.658
470.036
470.044
470.181
469.843
466.28
466.547
466.663
467.086
467.148
468.336
468.62
468.889
465.14
465.1
464.708
464.215
464.769
465.062
464.931
464.614
464.154
463.801
463.201
462.725
462.073
462.581
462.557
455.795
454.587
454.278
454.293
453.855
452.821
452.18
452.032
450.048
450.91
450.006
449.775
449.09
448.679
448.564
449.248
449.203
448.974
449.257
449.866
450.473
451.02
451.564
451.686
451.815
452.245
452.822
454.118
453.285
453.243
451.144
451.691
451.9
452.333
452.92
451.491
449.666
452.332
452.238
452.235
452.208
452.263
452.123
451.96
451.382
453.5
453.066
452.635
452.57
451.926
451.563
451.331
450.879
450.669
450.975
451.11
451.209
450.53
450.764
450.889
456.188
457.045
457.314
457.142
457.241
457.717
458.742
459.486
460.76
460.542
461.159
461.139
461.151
462.141
462.315
462.274
461.71
461.786
461.795
461.592
461.022
460.906
461.319
459.824
459.952
459.84
458.805
458.653
460.172
460.145
463.255
462.858
463.242
463.37
462.004
463.926
465.791
465.372
465.409
464.643
464.448
463.989
463.582
463.833
461.085
462.384
455.382
453.479
453.347
453.71
453.868
453.711
454.544
451.91
451.84
451.708
451.38
451.848
451.569
450.31
450.825
450.791
450.739
451.047
451.234
451.127
450.461
450.418
451.23
450.45
450.238
450.106
449.927
449.316
448.609
448.49
448.032
447.667
447.188
446.803
447.236
447.299
447.327
449.039
449.321
449.191
449.837
449.851
449.663
447.695
447.58
445.506
445.125
444.914
446.181
445.621
445.313
445.788
445.602
446.23
446.153
446.121
446.257
445.999
448.694
448.455
455.159
457.171
456.98
456.927
456.72
456.663
456.484
458.863
455.978
456.165
456.319
456.463
456.439
456.981
457.336
456.6
456.562
456.462
454.324
454.073
454.143
453.962
453.923
454.169
454.165
453.969
454.335
454.848
455.208
455.099
455.49
453.987
454.092
454.17
453.703
452.602
452.735
452.631
449.763
449.702
449.857
449.872
449.418
451.105
451.199
453.137
453.406
453.469
453.474
454.078
454.753
455.157
455.265
452.115
451.919
451.86
451.804
451.949
451.799
452.032
452.132
452.578
452.723
452.689
452.547
452.731
452.967
453.278
455.45
453.782
453.95
453.906
454.056
454.365
454.035
454.343
452.962
453.229
454.86
454.73
454.724
454.819
454.607
452.515
452.596
452.975
452.979
452.695
452.578
452.498
452.868
453.411
453.227
452.844
452.961
454.015
453.955
453.891
456.375
456.415
456.38
456.429
456.978
457.163
457.449
457.79
457.103
457.156
457.055
457.129
457.124
457.262
457.269
460.362
457.703
457.988
457.901
457.658
458.108
457.199
455.663
454.914
455.221
455.373
453.613
453.592
453.629
453.847
454.697
451.06
451.24
449.262
445.945
446.145
446.46
447.181
448.019
447.96
447.972
447.767
447.716
447.435
447.887
449.48
449.526
449.552
449.249
449.2
449.404
449.747
449.605
449.042
449.261
449.806
449.797
449.837
449.806
450.027
450.101
449.75
449.947
449.635
449.635
449.33
449.096
449.508
449.253
449.06
449.002
448.832
447.294
447.264
447.515
447.816
450.573
450.672
450.976
451.175
450.986
451.807
453.749
454.515
453.791
453.773
453.842
452.118
452.394
452.607
450.867
455.021
454.356
456.552
459.645
460.187
460.323
460.146
460.813
460.217
460.325
460.785
460.84
461.28
460.995
461.739
461.013
460.814
460.658
460.69
460.584
460.431
460.925
462.348
462.297
461.978
461.954
461.866
462.052
459.713
457.833
457.553
454.144
454.22
454.059
454.339
454.014
453.806
454.52
453.805
454.232
454.571
456.374
456.269
455.873
455.506
454.965
451.714
448.977
448.916
448.9
448.942
448.904
448.419
446.561
446.295
448.515
450.367
450.032
449.584
451.044
451.681
452.314
452.078
452.562
451.936
451.859
451.687
451.789
450.856
450.694
450.827
451.098
451.147
451.028
451.072
452.038
451.437
451.935
451.955
452
452.038
451.912
451.41
450.714
451.076
450.963
450.583
450.354
452.197
454.205
454.871
455.483
455.503
454.92
455.241
455.628
455.732
455.783
456.787
455.811
455.665
455.261
455.152
454.936
454.924
455.399
457.859
459.95
460.083
460.208
460.032
460.152
460.201
462.651
461.918
461.654
461.748
462.391
462.239
462.069
462.494
462.501
462.408
462.276
462.295
461.713
457.226
456.767
457.286
457.028
456.734
456.31
454.904
454.69
454.455
453.807
453.96
453.925
454.092
452.578
452.773
452.617
453.349
453.961
453.575
454.06
453.897
454.235
454.671
454.651
454.666
457.27
457.326
457.566
456.87
457.137
456.969
457.108
457.103
457.041
456.828
457.018
457.196
457.671
457.765
457.781
458.121
458.19
457.925
457.561
457.873
457.609
457.915
458.094
459.474
456.622
456.185
455.333
455.706
456.034
456.045
455.807
456.341
454.304
454.589
455.221
459.928
459.991
460.913
461.318
460.949
461.104
462.219
462.925
462.836
463.352
464.053
464.096
462.297
463.847
463.642
463.66
463.32
463.622
463.947
463.174
463.094
462.846
462.691
462.878
463.162
463.301
463.183
462.803
463.487
463.953
464.524
464.219
463.939
464.808
464.761
464.245
464.153
463.922
463.808
463.89
464.219
464.455
464.512
464.173
464.106
463.971
464.369
464.545
464.355
464.888
465.353
465.754
465.906
466.171
466.451
466.424
465.96
468.351
468.34
467.782
467.105
467.397
467.249
467.332
467.638
467.762
467.508
467.27
467.307
466.872
466.949
465.91
467.986
467.965
467.982
467.412
467.873
467.236
466.09
466.396
467.271
466.899
466.103
465.981
465.658
464.434
375.334
375.867
375.796
375.439
375.231
373.294
373.479
373.385
373.536
374.054
374.07
374.178
374.304
374.208
374.59
374.675
374.983
375.546
375.618
375.808
374.913
374.85
374.593
376.363
375.758
375.679
375.62
375.452
375.007
374.953
375.112
375.157
375.064
375.492
375.815
375.664
374.956
374.778
375.287
375.691
376.219
376.542
377.075
377.573
377.572
378.429
378.275
378.726
379.101
379.913
380.17
380.998
382.076
382.279
382.396
382.495
382.957
382.824
382.603
383.091
476.025
475.989
475.638
475.211
474.646
477.734
477.589
477.18
473.401
473.004
472.535
472.074
469.655
469.667
467.661
468.098
467.494
467.168
466.768
466.66
467.57
467.086
467.374
465.901
467.005
467.017
466.661
466.614
466.719
466.605
466.414
465.278
465.072
464.639
464.308
464.228
465.22
465.386
463.76
462.743
461.958
460.997
460.293
457.066
456.9
455.68
455.166
454.377
454.241
453.525
453.203
448.825
445.804
445.753
445.189
444.899
444.458
444.658
442.59
442.205
441.738
441.323
441.27
440.866
440.852
440.995
440.917
439.679
442.328
442.138
441.812
441.965
443.966
443.818
441.994
441.522
441.387
441.224
441.067
440.802
440.353
440.025
439.655
440.481
438.49
438.038
437.806
437.924
438.044
437.31
437.233
436.14
432.189
429.596
427.815
427.233
427.326
427.215
427.936
428.118
428.111
428.059
426.694
428.716
428.287
428.964
429.255
429.124
428.447
428.602
427.604
430.903
433.163
432.809
432.958
432.981
433.101
432.488
434.298
434.687
435.208
435.19
435.008
435.516
435.703
432.949
429.064
430.326
430.473
430.335
430.69
430.028
429.909
429.804
432.223
431.877
431.708
431.628
430.774
429.629
429.716
429.789
429.526
429.366
430.681
430.292
428.659
428.136
427.837
426.587
426.075
427.433
430.687
432.237
433.81
434.135
433.656
434.177
434.063
433.945
431.738
431.881
432.953
432.974
433.024
432.845
433.124
432.804
432.781
432.693
433.422
433.135
433.013
433.1
432.854
432.081
432.305
432.808
433.197
433.202
433.623
433.906
433.519
433.662
433.659
436.442
440.505
439.057
439.356
439.724
438.402
439.37
439.922
439.962
440.556
441.057
441.477
441.861
442.273
444.037
443.928
444.009
444.137
443.917
444.304
444.403
446.708
447.134
447.493
449.834
450.827
451.329
452.181
451.452
451.663
452.219
452.893
452.43
452.659
452.99
454.813
455.161
455.467
455.945
455.938
455.91
455.256
455.75
455.237
455.172
455.404
455.903
456.397
456.887
457.42
458.834
456.812
456.996
455.265
455.527
455.053
454.731
455.646
452.138
451.949
451.542
451.306
453.026
450.742
450.382
448.199
447.866
447.257
447.255
446.855
446.868
446.766
444.834
445.38
444.956
445.255
445.923
446.263
446.932
446.632
447.065
447.056
447.479
447.949
448.24
448.21
448.018
447.899
449.649
449.89
449.794
449.694
449.829
448.044
448.161
448.274
447.764
447.591
447.211
445.432
445.495
445.813
445.722
446.178
446.268
446.234
446.351
446.239
446.236
445.974
445.177
446.842
446.691
448.361
447.957
448.311
448.089
446.632
450.068
450.461
450.94
451.311
451.416
453.945
454.533
458.326
456.69
456.924
454.916
448.794
448.28
448.153
448.764
448.644
448.273
448.097
447.529
446.878
446.303
445.494
445.25
444.606
443.766
443.089
441.468
440.928
440.269
439.865
437.678
437.199
436.91
436.388
435.865
436.917
436.515
437.064
437.018
436.937
436.791
438.552
438.222
437.614
437.555
437.485
437.07
436.392
435.882
435.571
432.548
432.072
432.276
432.354
432.321
431.932
431.612
430.363
430.297
431.502
431.363
430.805
430.264
429.801
429.169
428.178
427.55
427.307
428.78
428.371
428.958
434.288
433.475
432.94
433.45
432.89
432.888
430.919
430.451
430.601
430.463
430.913
430.875
430.918
430.782
430.434
430.917
430.752
431.008
430.878
432.903
432.898
432.454
431.943
431.953
432.15
431.878
431.468
431.057
430.557
429.082
428.744
428.701
428.845
428.379
428.26
428.47
427.916
427.857
427.543
429.719
429.734
429.722
429.322
427.256
427.357
428.067
429.255
429.752
429.663
429.477
429.776
429.663
429.69
428.037
428.128
427.878
427.837
427.671
426.656
427.613
427.362
428.098
428.525
428.737
429.008
426.495
428.337
428.865
429.113
429.104
428.968
429.142
429.391
429.306
429.601
429.929
429.875
429.83
429.745
429.126
428.941
429.215
429.639
429.612
429.688
429.667
429.189
427.544
427.851
429.035
429.086
429.057
429.128
427.767
427.646
427.372
427.933
427.733
427.505
424.818
424.333
424.287
424.415
426.323
426.208
425.862
425.482
424.797
424.396
424.069
423.859
424.019
423.83
425.728
425.855
425.724
425.566
425.559
426.711
426.406
426.698
426.761
426.741
426.857
427.076
429.524
429.59
429.193
428.924
426.72
426.983
427.002
426.299
426.719
426.67
426.679
425.032
424.996
425.197
425.896
426.072
425.98
426.193
423.862
423.865
422.424
423.155
424.811
424.62
424.621
424.212
424.389
424.409
426.026
426.093
426.231
426.393
424.079
424.377
426.994
427.391
427.255
427.419
427.336
426.7
425.494
424.888
425.263
425.178
425.069
425.057
424.064
423.854
423.805
423.85
423.95
423.801
423.774
419.657
419.822
419.824
419.763
419.802
419.753
418.586
418.047
417.69
417.585
417.701
420.094
420.001
420.148
420.322
420.307
420.111
420.257
422.026
421.811
421.808
421.356
421.227
421.179
421.028
423.719
422.316
424.019
423.569
423.88
424.34
424.824
425.443
425.312
425.058
425.12
424.954
424.994
425.136
427.622
427.3
427.462
427.649
425.67
425.087
424.955
425.598
426.382
426.974
426.838
424.432
424.481
424.593
425.774
426.049
425.939
426.634
422.98
423.119
423.001
422.752
422.835
423.017
422.608
422.653
422.854
424.052
424.977
425.263
425.662
424.722
424.751
424.604
424.609
425.104
425.186
425.439
425.369
424.94
425.888
425.599
425.762
425.969
426.317
426.124
425.518
427.316
427.268
427.859
427.875
427.867
427.794
427.815
427.62
427.948
428.202
428.541
428.395
428.18
428.412
426.118
425.987
426.324
428.772
429.724
429.794
430.318
430.697
430.929
431.485
434.308
434.546
434.685
435.04
435.412
434.778
434.378
438.69
438.969
439.122
444.011
444.166
443.886
444.714
445.015
445.085
445.166
445.282
445.743
444.942
446.285
446.562
447.383
447.654
447.954
448.302
448.974
449.517
449.958
449.792
450.603
451.249
451.647
451.625
452.24
452.785
452.924
453.083
453.234
453.409
453.486
453.689
453.344
454.085
452.07
451.913
451.964
449.947
447.914
447.805
448.105
448.598
448.382
447.973
447.778
447.953
447.651
447.134
447.127
446.639
446.39
446.239
445.95
445.482
444.878
445.749
445.425
445.114
444.639
444.543
444.27
443.84
443.959
444.039
443.584
443.534
443.3
442.797
442.281
441.856
441.339
439.72
439.572
439.459
439.492
439.082
435.783
434.676
435.083
434.766
434.311
433.927
433.902
433.193
433.152
433.14
433.12
433.388
433.342
433.456
433.501
432.504
432.876
432.808
434.884
434.649
434.821
436.919
438.484
436.814
439.598
439.434
439.349
439.939
438.502
438.62
438.586
436.685
436.525
436.767
436.988
437.116
437.696
437.379
437.843
437.54
437.973
438.467
439.129
439.45
437.462
438.037
438.039
437.837
438.058
437.79
438.167
438.64
438.258
439.848
440.504
442.138
441.734
361.113
360.947
361.054
362.468
361.667
360.495
360.771
360.829
360.067
360.019
360.222
360.334
360.488
360.499
360.218
360.338
360.386
360.448
360.42
360.699
360.88
360.892
361.124
361.026
361.118
361.646
363.122
363.471
363.778
364.167
364.013
364.966
365.094
364.888
367.035
367.243
367.481
367.525
367.792
367.726
367.838
367.1
367.489
366.315
366.065
365.973
365.945
367.599
367.426
367.627
367.737
367.539
367.602
367.217
367.216
367.539
366.928
366.794
366.624
366.695
449.794
449.598
449.132
447.258
449.066
450.544
449.751
449.567
450.736
450.34
450.562
450.236
449.885
449.304
449.281
448.696
448.375
448.241
448.32
447.904
447.192
447.221
447.419
447.383
447.242
444.549
443.866
443.012
442.481
441.813
441.412
441.063
439.326
439.653
439.278
439.148
438.525
438.52
438.396
437.002
437.216
438.034
437.771
439.071
439
439.04
431.288
425.81
424.158
423.385
423.63
423.8
423.159
423.325
422.994
422.967
423.37
422.991
423.029
422.901
422.94
422.87
423.169
425.535
425.33
425.244
425.753
426.202
426.805
427.392
426.314
426.609
427.29
427.934
428.482
428.344
428.297
427.656
428.265
428.143
428.317
427.84
426.54
426.506
426.753
429.148
429.464
429.623
429.775
429.427
429.723
429.767
429.609
429.796
429.873
429.912
430.386
428.05
428.225
429.425
429.44
429.539
429.849
430.313
428.328
428.099
435.816
441.692
443.649
444.492
444.617
444.295
445.496
445.811
445.291
445.451
445.826
446.284
442.585
442.788
442.757
442.985
442.81
442.7
442.925
442.977
442.769
442.482
441.925
440.987
442.137
441.732
441.149
440.127
439.576
440.09
440.327
440.999
441.004
441.198
441.14
440.931
441.931
442.075
441.72
441.272
441.095
441.173
441.04
441.616
441.535
441.615
443.407
443.259
443.288
443.018
442.053
444.703
444.327
443.291
443.02
443.202
441.336
436.882
436.097
436.563
436.325
435.781
435.009
434.094
433.588
433.914
433.65
433.545
434.25
434.309
434.228
433.825
436.969
436.831
436.807
436.607
436.801
436.847
436.636
434.263
434.331
434.271
434.116
434.372
434.43
434.081
434.005
434.327
434.42
434.312
434.069
433.77
433.744
431.28
430.823
428.31
428.367
428.315
428.409
427.76
426.542
426.318
426.055
426.009
425.041
424.914
423.982
421.06
420.792
421.026
421.916
421.895
421.12
421.571
421.709
421.761
423.585
427.358
430.357
429.714
429.581
429.123
429.952
428.293
427.108
427.249
426.808
426.851
426.41
426.692
427.029
427.55
428.205
427.554
427.847
425.923
425.989
426.05
426.555
428.574
428.444
428.507
427.941
428.582
428.833
429.492
429.575
427.677
426.446
425.872
425.932
426.216
426.046
427.728
428.221
430.904
430.848
430.513
430.619
431.171
432.309
432.136
432.251
431.846
432.564
432.823
433.451
435.892
435.615
435.4
434.742
433.376
434.068
434.109
433.509
433.164
432.647
432.588
429.757
429.659
429.784
430.241
429.113
431.342
432.708
432.323
432.641
432.88
433.569
433.371
433.131
432.825
432.337
433.407
433.313
435.597
435.668
435.618
435.778
436.532
436.064
431.559
428.911
428.668
428.567
428.502
428.488
431.01
432.525
433.382
433.553
433.453
433.881
434.516
434.05
434.703
434.907
435.433
435.527
435.953
436.125
435.445
435.14
435.867
436.456
436.708
437.024
437.662
438.48
438.641
439.173
440.518
440.855
441.655
442.434
442.57
442.727
442.557
445.668
446.314
446.757
447.061
447.616
448.24
448.146
448.126
448.413
448.355
448.205
445.716
445.794
446.005
444.188
444.288
444.149
443.707
443.405
443.129
442.617
441.11
441.611
446.274
449.892
449.751
449.739
449.922
450.158
448.477
448.048
447.701
447.434
447.489
446.897
446.737
444.099
443.637
443.134
442.823
442.755
443.153
443.103
441.956
442.391
441.971
440.738
440.23
439.706
438.925
437.767
437.491
437.047
437.089
436.823
436.02
435.623
434.832
434.809
435.143
434.524
434.356
433.802
433.567
433.567
433.239
433.202
433.549
433.122
433.039
432.927
435.162
434.518
434.119
436.099
435.473
436.04
436.572
436.707
437.585
435.311
436.294
436.468
436.601
436.718
436.619
436.869
436.128
435.541
437.046
437.434
437.766
437.969
437.959
438.733
438.194
441.413
441.477
442.075
442.121
442.083
441.812
439.782
442.421
442.786
443.162
444.546
445.042
445.899
442.051
443.131
443.826
444.658
444.96
445.504
446.072
446.56
446.878
446.811
447.046
447.715
448.033
448.769
449.25
449.609
449.778
449.037
449.417
450.302
450.62
451.089
451.033
450.928
451.332
451.416
451.943
451.604
451.8
451.797
450.909
450.723
450.7
448.277
448.329
446.608
446.619
446.586
446.57
447.315
447.344
447.332
446.596
446.824
447.152
444.278
445.075
445.083
445.077
442.666
442.735
442.794
442.138
444.569
444.284
444.2
443.723
443.622
443.123
442.231
447.18
447.082
447.127
446.78
446.687
446.461
446.422
446.127
447.459
447.595
447.751
447.819
447.868
447.702
447.424
445.175
445.162
445.738
445.598
445.304
445.092
444.659
444.061
441.735
440.556
440.203
440.137
440.149
439.755
439.862
439.603
442.588
442.828
445.448
445.789
447.944
448.323
447.626
448.269
444.642
444.477
444.353
445.221
444.065
443.525
446.301
446.183
446.339
446.431
448.943
449.204
449.51
450.595
450.313
450.783
450.958
451.605
452.052
452.979
453.649
451.003
451.295
451.492
451.744
451.88
452.316
452.936
453.295
452.457
452.798
452.674
452.541
452.356
452.226
452.518
454.311
454.244
454.227
453.941
453.239
453.153
453.034
453.613
456.304
457.875
455.221
455.05
455.226
455.447
455.964
455.586
453.65
453.849
453.721
453.471
453.217
452.889
453.172
452.477
456.247
456.14
456.343
456.07
457.434
457.873
457.235
457.778
457.839
457.958
458.261
458.359
457.98
458.163
455.62
455.402
455.512
455.646
455.741
454.335
454.321
456.518
455.904
455.746
455.367
455.352
455.008
454.352
454.268
454.209
454.479
454.579
454.954
455.415
454.883
454.771
453.748
453.295
453.633
454.056
454.61
452.753
453.103
453.225
453.222
453.137
456.354
456.239
456.047
456.165
455.683
457.189
458.704
458.529
458.411
457.939
457.915
458.012
458.341
458.952
458.468
458.626
458.545
458.949
459.137
459.443
460.308
460.279
460.509
460.894
459.7
459.813
460.252
460.096
463.28
463.279
463.768
463.572
462.971
464.224
464.296
464.795
465.376
463.826
463.528
463.139
463.031
463.391
463.537
464.094
464.056
461.569
458.701
458.565
459.277
459.356
460.039
460.346
457.455
457.016
456.831
458.826
458.846
458.807
459.545
459.399
459.789
458.355
458.342
458.14
458.579
458.239
458.851
458.258
458.414
459.003
459.245
459.183
459.204
459.331
459.591
458.49
456.54
456.514
456.204
455.783
455.679
455.214
452.761
452.801
453.453
452.952
452.84
452.767
452.365
450.074
448.531
448.499
448.595
448.794
448.871
449.019
448.86
449.799
450.33
450.535
450.585
449.868
450.128
449.893
448.887
449.394
452.163
452.101
452.11
452.148
453.486
454.057
457.193
457.182
457.594
457.889
458.017
458.36
457.593
456.056
455.216
457.178
457.37
457.47
457.239
456.808
456.736
457.724
456.07
456.173
456.214
456.584
456.685
457.038
457.478
458.873
461.073
461.165
461.296
461.826
461.673
462.284
465.141
465.156
463.026
463.778
463.958
463.852
464.094
467.009
468.241
468.492
467.023
466.941
467.454
467.309
467.772
468.589
469.142
469.395
469.878
470.751
470.729
377.952
378.657
380.331
380.482
380.439
380.494
380.195
380.624
380.656
380.272
380.755
380.898
381.016
381.129
379.242
379.265
380.601
381.014
381.105
381.178
381.217
381.481
381.27
380.463
380.217
381.542
381.844
382.076
382.234
382.174
381.712
381.838
382.096
381.956
382.036
382.049
381.949
382.247
382.269
382.226
382.406
384.268
384.498
384.92
385.009
385.145
381.451
381.68
381.71
382.773
382.491
382.483
382.926
382.85
381.82
381.648
381.536
381.299
381
380.615
474.787
473.991
473.454
473.146
472.816
472.214
472.341
471.696
470.877
468.234
467.852
467.419
467.033
466.751
469.517
465.592
464.521
464.494
464.087
463.909
463.851
463.445
463.737
465.098
464.909
464.583
464.071
463.435
462.982
462.758
463.125
462.342
460.171
460.297
459.546
459.402
459.085
458.486
457.963
457.094
456.569
456.309
455.297
454.373
453.871
453.419
457.647
456.525
456.021
456.24
454.099
453.205
452.495
452.32
452.94
453.012
452.6
451.852
452.097
452.532
452.857
453.38
450.246
449.976
450.114
448.5
448.85
448.999
449.732
452.297
452.344
452.576
452.346
450.225
450.551
454.457
454.654
454.614
454.565
454.355
454.447
454.653
455.178
454.576
454.645
454.962
454.439
454.176
454.22
454.302
454.484
454.65
453.278
453.128
452.979
452.946
451.91
451.681
451.918
451.56
450.982
451.49
451.079
451.419
451.603
451.778
452.162
451.117
451.075
450.647
453.01
453.568
453.668
453.31
453.88
452.182
451.668
452.446
451.988
451.761
451.494
451.304
450.439
447.466
447.831
450.165
450.494
450.772
449.758
446.768
446.637
446.564
446.628
448.85
448.528
449.01
448.817
448.423
448.592
448.752
448.602
448.49
448.958
448.274
447.535
446.931
447.564
447.972
448.057
448.217
447.807
447.696
449.952
450.157
450.898
451.12
452.458
452.801
452.745
453.003
453.557
453.111
453.891
453.837
453.975
451.124
450.951
452.465
450.858
449.957
449.552
449.315
449.254
449.697
449.319
450.272
451.175
451.117
451.439
451.766
451.909
451.966
452.746
455.722
455.22
454.739
454.333
454.21
455.034
457.679
457.512
457.269
457.335
457.123
454.623
452.644
453.331
453.079
452.744
452.609
452.61
451.383
448.329
448.174
447.758
447.827
447.105
446.785
446.214
446.024
446.089
443.618
444.222
444.152
439.844
439.404
439.037
439.112
438.975
439.521
438.71
437.775
437.657
437.467
437.432
438.971
438.939
438.935
440.588
441.275
441.11
440.945
440.587
438.089
437.996
438.145
437.857
437.561
437.537
437.38
436.835
436.622
439.33
438.383
438.795
439.173
439.32
439.015
435.932
436.495
436.96
437.043
436.911
437.212
439.729
440.835
441.123
441.856
441.03
441.043
441.242
442.489
445.364
445.926
446.982
447.234
448.045
448.433
449.177
449.691
449.969
452.568
453.136
453.629
458.16
458.565
459.02
459.292
459.778
459.201
459.772
461.055
461.401
461.928
462.327
463.531
464.322
464.432
465.164
465.909
467.089
468.014
468.417
470.005
470.441
471.182
469.959
470.508
471.094
471.289
472.261
473.031
473.389
474.779
474.587
474.568
473.147
473.679
477.587
478.263
478.531
478.13
478.683
478.513
478.51
479.631
479.431
479.347
480.465
479.438
479.037
478.949
478.7
474.504
471.007
468.415
464.976
464.208
463.651
462.97
462.159
461.903
460.887
459.878
459.236
458.98
458.649
458.148
457.761
457.942
457.642
457.16
456.602
456.063
455.799
455.782
455.011
454.726
453.432
452.662
449.827
449.034
448.642
448.078
447.872
445.969
447.007
446.295
445.717
445.255
444.64
443.823
442.814
442.582
442.023
441.343
442.29
441.918
441.482
440.704
438.185
438.318
437.475
436.598
436.144
435.066
434.478
431.378
431.241
431.774
431.476
430.942
430.689
434.624
435.051
436.993
439.751
440.345
440.554
440.204
440.821
440.933
440.45
440.824
439.867
439.698
439.271
439.282
439.251
438.69
439.213
439.294
439.327
438.982
438.568
438.014
437.128
436.521
437.318
437.222
439.162
439.233
439.307
440.691
440.499
441.809
441.715
441.905
440.388
440.374
440.533
438.538
439.226
438.894
439.017
438.901
437.907
437.815
435.566
435.74
437.738
437.592
437.176
437.531
437.178
437.151
437.223
439.768
437.818
437.919
438.217
438.437
437.677
437.579
439.98
439.843
439.475
439.626
439.307
439.923
438.826
438.677
439.252
439.08
440.17
440.303
440.492
439.9
439.82
440.339
440.096
439.953
439.648
440.143
440.287
440.657
441.449
442.222
441.875
441.844
441.666
441.77
441.22
441.005
440.942
440.867
441.272
441.215
442.831
442.805
440.578
442.366
442.277
442.612
442.577
442.937
443.989
443.042
445.451
445.199
444.884
445.112
445.903
445.995
446.567
446.462
447.017
447.473
449.47
449.445
449.324
449.575
449.607
449.51
449.49
449.817
450.336
449.872
450.23
448.629
446.866
447.151
447.074
446.865
446.693
446.329
446.291
445.177
445.263
445.54
445.665
445.331
445.473
444.897
442.055
442.125
442.047
442.069
441.352
441.281
441.087
440.51
441.274
441.436
441.624
441.372
441.108
441.446
441.44
441.353
443.451
443.691
443.436
443.478
443.574
443.436
443.392
444.38
444.277
444.507
444.775
444.635
444.426
444.674
440.734
441.475
441.06
440.711
440.995
441.328
441.809
441.12
442.057
440.878
439.432
439.418
439.4
439.657
439.473
440.406
443.204
443.262
443.067
443.565
443.856
444.426
442.327
444.215
443.821
443.582
443.575
443.769
444.099
443.887
446.284
446.171
445.893
445.82
446.703
447.08
447.271
444.762
444.161
444.225
444.57
445.427
444.73
444.354
443.71
443.109
443.356
443.587
444.267
444.363
444.635
445.201
445.037
444.892
444.794
444.889
445.068
445.653
446.35
446.098
447.43
447.521
447.647
447.984
447.499
447.883
448.098
447.762
447.626
448.908
450.736
450.905
450.667
450.879
451.006
449.905
450.032
450.232
451.03
451.305
451.497
451.732
453.935
454.065
454.785
455.343
455.835
456.343
456.479
457.52
457.642
457.776
458.514
457.673
457.954
458.257
458.761
461.794
461.785
462.05
462.248
461.703
463.103
463.648
463.776
465.124
464.416
464.945
465.381
465.845
466.215
464.14
464.885
465.536
465.875
466.145
466.165
465.91
465.391
465.834
469.111
469.456
469.569
469.905
470.83
470.614
470.434
471.637
471.904
471.898
471.315
471.173
471.505
471.549
471.74
473.847
473.768
473.008
472.965
472.674
472.746
470.099
470.705
470.512
470.426
469.45
469.323
469.333
466.752
466.657
467.135
467.06
466.603
467.77
467.639
467.28
466.954
467.094
467.416
467.203
466.463
466.714
466.538
466.515
466.884
466.244
466.746
465.885
464.267
463.159
462.407
463.502
462.689
461.975
461.351
459.724
458.341
457.652
456.939
456.301
455.53
454.701
453.361
452.814
451.981
451.289
448.571
448.392
447.695
446.457
446.326
446.034
445.32
444.448
444.142
443.794
443.27
442.808
442.143
441.51
440.867
442.497
442.163
441.651
440.86
441.083
440.742
440.461
442.705
442.224
440.81
439.875
440.282
440.205
440
440.21
440.298
440.173
439.555
439.777
440.232
440.353
440.556
440.731
441.236
441.663
441.805
441.521
442.617
443.324
443.504
444.039
444.568
444.447
443.689
445.115
445.926
446.274
446.948
445.078
444.832
445.238
445.945
446.356
446.817
447.501
450.222
450.417
451.175
452.265
453.215
453.711
452.981
450.717
450.32
450.14
448.766
448.384
448.827
447.694
448.07
448.545
448.753
449.267
449.541
450.183
450.313
450.392
450.69
450.931
452.663
453.994
453.608
454.004
454.147
454.341
454.687
455.162
456.599
456.54
456.4
455.116
454.831
454.776
454.784
454.632
454.83
455.292
453.962
453.786
453.968
454.214
454.241
454.646
455.036
451.94
452.28
452.794
453.266
456.039
457.065
457.388
458.261
456.514
456.072
456.034
455.917
455.888
455.7
455.955
454.731
454.436
455.95
459.265
460.256
461.039
463.192
464.982
464.867
466.668
467.12
467.311
467.417
467.696
468.169
467.966
466.744
466.81
466.709
466.901
466.889
466.822
466.893
467.023
466.761
466.724
466.525
466.084
465.675
465.719
465.511
465.888
464.797
464.269
463.742
463.732
463.333
463.268
464.261
462.653
462.355
461.783
461.35
460.711
461.025
463.68
462.044
461.492
460.728
460.146
459.618
458.974
458.287
459.615
459.236
459.013
458.379
458.208
458.077
458.455
459.525
458.665
458.368
458.283
457.379
456.92
456.554
456.132
456
453.91
453.355
451.252
450.597
450.29
450.13
449.931
450.257
449.698
448.988
448.464
447.96
447.379
447.342
446.14
446.104
445.577
445.099
445.169
445.037
444.626
444.548
442.208
443.316
443.426
443.714
443.99
444.369
444.935
445.334
443.62
443.507
443.835
443.862
444.483
445.122
445.485
444.33
444.807
444.021
444.249
444.647
445.612
444.056
442.927
444.358
444.709
445.588
445.742
446.043
445.872
445.805
446.194
444.85
443.192
442.265
442.074
442.469
442.711
440.309
442.243
442.447
444.263
444.644
442.001
442.458
439.606
440.249
440.586
440.805
441.112
441.341
441.88
441.102
442.119
440.585
440.938
441.403
440.133
440.062
440.239
440.549
443.48
443.312
443.637
443.571
443.298
443.433
443.239
442.77
445.928
446.49
446.862
447.125
447.203
447.191
446.579
449.171
448.985
450.213
450.359
450.04
449.543
451.654
450.369
449.652
449.494
448.951
449.083
448.908
448.71
448.692
448.851
450.463
451.822
449.272
446.748
446.559
446.737
449.42
449.626
449.302
449.341
449.416
452.422
452.085
454.915
455.286
455.015
455.26
454.686
455.434
455.594
456.968
453.613
455.698
453.816
453.595
455.283
455.978
455.754
455.735
455.837
455.885
455.967
455.907
455.738
455.491
454.788
454.529
454.403
454.394
454.126
454.147
454.117
454.214
455.074
452.891
453.149
453.369
453.274
453.826
453.796
454.125
456.826
456.286
456.053
456.142
455.798
455.937
455.879
456.281
456.001
455.288
455.042
459.25
462.477
462.689
462.775
462.953
460.673
461.328
461.8
462.126
462.246
462.49
463.197
461.441
458.675
458.989
459.715
459.346
459.462
459.616
463.12
462.683
465.024
465.455
464.043
463.375
463.307
463.022
462.996
462.299
461.603
461.474
461.794
461.492
461.959
462.73
462.969
459.69
459.824
460.041
457.512
456.748
456.688
459.083
455.799
455.852
455.608
455.281
454.571
453.968
453.729
453.512
453.345
453.257
453.168
447.346
447.451
447.177
445.172
445.529
445.678
445.452
445.008
444.632
444.188
443.758
445.825
445.336
444.695
444.503
444.361
444.005
443.793
444.843
447.67
447.317
447.175
446.974
446.791
446.431
446.208
445.591
445.151
443.99
444.902
444.851
445.11
445.284
444.538
444.983
444.837
445.198
445.163
444.609
444.755
444.689
444.232
446.384
446.136
445.934
448.041
448.338
448.031
447.838
450.347
448.536
448.635
448.258
448.596
448.725
449.019
448.876
448.507
448.597
448.708
454.302
454.262
454.484
456.844
457.083
453.977
453.702
451.396
450.993
450.71
450.962
450.253
450.523
450.415
450.29
450.1
450.233
450.117
449.898
449.985
449.898
449.594
449.518
449.447
449.593
449.449
447.979
446.361
447.392
447.848
448.409
448.598
448.591
448.8
448.972
448.041
447.913
448.17
449.192
449.628
449.519
447.726
447.736
447.883
447.583
448.032
448.707
449.123
449.411
448.898
450.597
451.216
451.571
452.329
452.71
452.835
453.03
452.099
452.242
452.793
452.855
453.193
453.565
454.315
453.603
457.313
458.231
461.402
462.263
463.268
463.798
464.733
464.165
464.641
464.811
463.713
463.666
464.026
465.104
465.498
465.645
466.267
464.573
464.867
464.932
465.178
467.628
466.29
465.516
465.256
465.083
465.461
466.109
467.115
467.476
469.82
470.087
470.252
470.524
470.352
470.831
473.783
474.725
474.888
475.266
475.617
475.309
475.459
475.892
477.513
477.97
477.913
478.095
478.204
478.233
478.314
479.494
481.648
481.825
481.426
480.804
480.646
479.639
479.287
478.659
477.69
477.146
476.516
475.544
474.848
474.025
473.367
473.743
473.944
473.867
473.886
474.102
474.18
473.825
473.341
473.455
473.136
475.123
473.901
473.7
473.568
473.825
477.244
477.622
477.562
477.596
473.919
473.111
472.577
472.2
471.564
471.538
471.143
470.566
469.623
469.002
468.381
468.529
468.232
468.07
467.199
466.609
466.087
465.626
465.123
464.4
461.837
461.241
460.552
459.681
459.283
456.974
456.751
456.57
456.55
457.11
456.096
455.656
454.884
456.249
457
457.349
457.729
458.742
456.143
456.612
457.228
457.73
457.815
456.969
457.806
457.186
456.529
456.261
456.616
456.663
456.943
456.817
457.501
456.526
456.471
456.309
456.158
456.435
456.37
455.97
458.636
455.711
455.944
455.778
455.844
455.776
453.754
451.864
452.346
452.752
453.114
452.859
453.229
453.584
454.026
454.421
454.043
453.822
453.809
454.082
455.85
456.179
455.625
456.094
456.236
458.091
458.011
457.873
457.839
457.148
457.739
457.716
458.317
458.142
457.749
457.32
456.893
456.541
459.048
458.057
457.149
456.301
455.774
456.602
456.689
457.032
456.444
456.299
456.151
456.05
455.771
455.211
455.169
456.174
455.824
455.755
455.606
453.903
454.082
454.206
454.131
456.593
456.684
456.926
456.953
456.474
458.212
459.955
460.062
459.184
458.985
459.137
458.509
457.738
457.346
457.428
457.983
457.668
457.722
457.295
454.369
454.048
454.896
454.938
454.782
455.067
454.892
454.957
454.955
455.473
456.046
456.668
455.815
455.841
456.105
456.372
456.516
456.787
457.172
458.176
458.302
458.89
458.434
455.99
455.985
455.852
456.941
456.961
456.773
456.373
456.713
457.198
457.495
457.273
457.481
456.8
456.312
457.627
458.027
458.416
459.102
459.85
459.78
456.398
456.184
456.267
456.375
456.749
456.839
457.629
456.999
454.515
454.767
455.395
455.921
456.095
456.221
456.78
454.965
455.148
458.264
458.736
458.575
458.573
458.937
456.113
456.1
456.049
455.834
456.489
456.253
456.355
456.584
453.304
453.289
453.274
453.21
453.074
452.929
452.751
452.663
452.556
453.017
455.389
455.623
455.777
455.239
455.734
454.952
455.23
455.192
455.346
455.357
455.585
455.182
456.187
456.415
456.926
456.591
456.363
456.153
455.718
455.541
458.363
458.6
458.991
459.285
459.416
459.635
459.362
460.105
462.878
463.456
463.562
463.667
463.632
461.674
462.059
464.225
463.536
463.789
463.924
463.986
464.63
464.626
467.58
467.762
467.585
468.016
467.73
467.948
467.885
468.822
472.859
473.244
470.728
470.497
470.046
470.026
469.79
470.367
470.481
470.218
469.1
468.86
468.824
469.186
469.318
470.406
470.448
470.294
470.187
470.051
469.842
467.582
467.279
467.775
467.662
464.523
464.549
464.281
464.459
464.569
465.058
464.796
463.526
463.536
463.337
461.972
462.449
462.137
461.888
461.366
460.665
460.484
460.418
462.116
461.96
461.913
462.896
462.986
462.639
462.76
462.274
462.663
462.874
462.42
462.588
462.373
459.606
459.329
459.432
459.414
459.026
458.631
461.095
461.658
461.461
461.137
461.587
461.119
460.906
461.211
462.098
461.09
459.649
459.844
459.377
458.906
457.527
457.184
457.083
456.811
456.951
459.732
459.909
460.193
460.424
463.733
463.663
463.866
463.995
463.655
463.476
463.742
464.609
464.617
463.785
464.657
464.015
464.385
464.227
464.59
464.801
464.269
461.423
461.656
461.317
461.043
461.134
460.983
461.082
461.4
461.238
460.985
461.117
461.9
462.537
462.948
466.069
466.71
465.261
465.331
465.8
466.017
466.326
461.323
461.79
462.119
462.31
462.868
463.367
463.437
463.502
464.868
466.873
465.133
463.488
462.164
460.766
461.185
461.355
461.431
460.899
460.509
460.791
460.665
460.492
460.471
460.705
461.021
457.93
458.334
458.327
457.785
457.837
457.658
458.578
458.16
458.698
458.819
457.581
455.974
456.241
456.447
458.989
457.798
457.876
458.223
457.901
458.014
457.484
457.314
457.743
457.055
457.052
456.747
456.157
455.881
455.515
454.714
456.436
455.765
455.395
455.332
455.141
459.883
460.047
460.021
459.639
459.337
459.077
458.546
458.634
458.403
457.825
458.703
459.635
461.077
464.007
463.904
460.077
460.598
461.359
461.84
460.982
460.818
460.772
460.085
459.52
458.541
461.46
460.657
455.791
454.391
454.512
454.555
454.602
455.352
452.102
451.62
453.085
454.35
453.953
453.967
454.077
454.869
453.558
453.054
453.163
452.736
453.313
453.208
452.849
452.379
451.813
451.552
451.205
450.666
450.399
450.535
450.172
450.555
450.593
450.601
450.535
450.945
451.319
451.467
451.205
451.415
451.282
451.688
451.516
451.612
451.802
452.065
452.187
452.597
452.299
452.42
455.869
455.664
455.425
454.844
454.972
454.898
453.07
453.059
452.903
453.194
453.171
453.835
457.216
458.79
459.119
459.226
459.327
459.031
461.982
461.506
461.092
460.924
461.46
461.343
461.043
461.322
462.709
462.037
462.033
462.419
462.435
462.027
462.077
463.302
463.547
463.093
463.668
463.911
464.109
464.207
464.27
464.32
464.303
464.141
464.088
463.531
463.201
463.248
463.578
463.826
463.707
464.112
464.31
464.156
464.494
465.07
466.115
466.268
466.907
466.454
465.997
465.792
465.903
466.764
467.334
467.653
470.107
470.505
469.337
469.445
469.755
469.71
471.165
471.32
470.638
470.317
470.052
469.904
470.093
470.964
471.095
471.506
468.276
468.765
469.284
469.402
469.47
470.444
470.211
470.043
469.201
469.686
470.076
470.187
470.477
471.534
471.717
471.171
471.408
471.506
471.143
471.659
471.219
471.206
471.84
472.122
471.871
472.005
472.406
472.419
472.969
473.036
472.927
473.2
472.416
472.346
471.944
471.695
471.621
472.204
467.385
464.4
461.246
460.92
460.576
460.401
460.1
460.235
458.691
458.975
459.217
459.549
459.802
459.82
459.697
459.756
459.452
459.943
459.818
459.794
460.016
459.553
462.287
460.646
460.187
459.806
459.556
459.281
457.917
457.81
458.668
456.033
455.491
455.193
454.479
454.016
453.432
454.388
452.546
452.538
452.878
452.303
452.784
452.794
451.984
451.495
451.597
451.587
451.433
451.174
451.124
451.019
451.339
451.389
451.753
451.453
451.455
451.219
450.591
450.388
455.73
459.025
461.907
462.241
462.759
463.208
463.621
463.95
467.704
465.665
465.633
465.26
465.417
465.541
466.236
466.446
465.468
465.832
465.394
465.671
466.024
466.842
467.578
469.012
469.652
470.122
469.992
470.587
472.517
472.977
473.215
475.991
476.425
476.336
475.853
475.899
476.06
474.556
476.357
476.325
476.199
476.785
474.022
474.399
474.888
475.564
475.944
475.864
475.313
474.628
474.526
474.74
474.877
475.207
475.757
476.382
477.166
476.439
476.971
477.17
476.919
476.396
476.637
476.225
475.737
474.183
473.415
473.272
472.857
474.975
473.334
473.615
473.095
473.486
473.448
473.626
475.271
474.193
474.917
474.693
474.749
472.026
471.812
472.267
472.148
471.712
471.85
469.933
468.444
466.878
466.587
466.383
466.55
467.028
468.136
468.814
468.643
470.08
470.454
470.844
471.578
471.823
474.562
474.375
474.353
473.34
472.922
473.143
473.852
474.713
474.563
474.129
472.935
472.347
472.18
472.233
471.778
472.91
473.289
473.682
474.599
474.624
475.342
475.993
476.637
478.457
479.296
479.657
480.274
479.815
480.951
481.256
482.287
482.507
482.661
483.118
483.249
479.464
478.74
479.047
478.873
481.736
481.873
482.213
482.913
481.162
481.844
483.858
485.843
488.022
488.924
489.92
490.493
489.624
486.45
486.576
487.114
487.528
488.013
487.796
487.518
487.045
487.429
485.885
486.159
487.484
487.897
487.94
488.262
488.595
489.333
490.084
492.101
493.003
492.965
493.066
493.173
492.582
489.247
488.786
488.158
488.411
488.027
487.901
487.604
487.091
486.778
486.659
485.956
486.533
486.976
486.689
486.217
485.783
485.056
484.928
484.377
489.3
487.454
487.216
486.828
486.488
486.466
486.02
485.571
487.748
487.634
487.779
487.5
487.015
482.853
481.741
481.015
481.864
485.085
485.003
485.396
485.116
483.654
483.563
483.528
483.67
483.167
484.298
483.709
483.246
482.777
482.117
481.718
481.6
481.254
480.945
480.256
479.832
478.864
477.358
477.433
478.122
481.328
481.457
481.291
481.358
481.287
479.777
479.53
479.602
479.795
479.887
480.334
480.566
479.941
477.976
477.807
477.812
478.516
478.29
478.851
478.911
478.676
478.738
479.581
480.093
480.571
480.628
480.613
480.698
477.197
476.852
476.403
476.255
479.469
479.718
479.781
479.719
479.302
479.414
479.373
479.408
480.686
480.94
481.18
481.137
480.789
481.35
481.896
482.003
482.521
482.945
483.235
483.184
477.637
474.871
473.088
472.968
473.733
475.065
474.784
471.608
471.504
471.395
471.575
469.437
469.229
470.127
468.84
468.71
468.295
467.826
467.545
467.412
466.279
468.257
461.376
459.356
459.119
458.955
458.75
458.726
461.555
460.966
460.353
459.942
458.589
458.738
458.927
459.286
462.532
462.336
463.1
463.557
464.023
464.192
464.202
464.277
464.662
464.754
464.929
461.728
460.241
457.444
457.375
457.424
457.998
457.511
457.057
456.739
456.885
457.312
457.077
457.247
462.365
464.193
464.428
464.422
464.693
464.191
464.295
467.072
465.68
464.952
464.615
466.719
466.693
467.016
468.812
469.195
469.367
468.556
468.488
468.353
470.448
470.57
478.046
480.309
480.545
480.072
480.156
479.814
479.562
480.158
480.052
480.063
481.218
480.248
479.793
479.406
479.358
479.764
479.259
479.106
478.7
478.048
477.655
475.678
475.563
474.813
474.15
477.164
478.708
474.86
472.574
472.481
472.657
472.908
472.981
473.313
470.891
470.352
470.085
469.837
469.697
469.992
471.328
471.125
468.044
468.318
468.17
468.274
469.486
470.563
471.073
470.005
470.255
470.607
470.948
470.982
471.264
472.195
472.7
472.372
469.671
469.636
469.598
469.787
469.749
470.347
470.527
470.888
470.207
470.086
470.271
469.822
469.308
469.802
469.824
469.212
465.94
465.87
465.427
465.373
465.657
466.544
466.821
468.238
468.82
469.168
467.182
467.217
467.06
473.853
476.244
475.396
475.075
475.064
475.135
475.256
477.698
477.83
477.586
477.752
476.26
476.773
477.164
477.592
480.499
480.695
480.956
480.986
480.356
479.903
479.795
480.696
480.728
480.503
479.978
479.694
479.535
479.635
479.107
479.812
482.16
481.954
481.839
480.459
480
479.594
479.502
479.195
480.366
480.31
480.52
481.248
481.158
481.268
479.777
480.491
483.866
483.745
482.483
482.234
482.145
481.926
481.961
482.471
481.814
482.099
484.965
485.661
482.688
480.834
480.809
481.761
481.388
482.085
471.438
470.987
470.606
471.003
471.163
468.758
470.106
470.11
469.433
469.267
469.474
469.296
469.101
469.472
470.475
470.746
470.104
470.236
470.205
469.93
469.708
469.558
469.624
469.7
469.016
468.617
468.648
468.064
468.366
469.79
470.17
470.898
471.049
471.089
470.733
468.842
468.459
468.171
468.505
468.451
470.081
469.418
469.181
469.689
471.747
471.805
471.506
471.447
471.722
471.88
471.818
471.672
471.42
471.081
473.966
475.066
474.387
469.821
470.487
469.953
478.946
479.695
480.184
480.027
480.43
482.972
482.833
482.786
483.411
483.566
483.491
483.517
483.426
482.727
482.592
482.493
483.19
483.76
483.574
484.016
481.131
481.179
480.762
480.611
480.946
481.378
480.859
479.189
384.425
384.057
383.685
383.405
383.549
383.995
383.938
385.479
385.69
385.943
385.694
385.691
385.664
383.813
384.426
384.411
384.521
384.416
382.537
382.742
382.524
382.616
382.911
382.794
382.959
383.058
382.678
383.032
383.329
386.68
386.628
386.786
388.142
387.835
385.491
385.644
385.887
386.186
386.648
386.825
386.939
387.071
386.833
387.05
387.449
388.002
387.632
387.855
387.829
387.718
385.079
382.733
383.929
383.872
383.933
383.713
384.084
383.764
383.615
384.702
478.907
478.885
479.099
478.791
477.755
476.465
475.79
475.711
475.878
475.291
475.424
473.988
474.455
476.995
476.506
476.142
475.45
475.664
478.543
477.748
477.528
476.273
475.674
475.355
474.826
474.682
475.036
474.941
475.034
471.475
471.343
471.134
470.615
470.463
473.378
472.776
466.654
464.055
463.711
463.108
462.884
462.665
462.732
462.319
458.99
458.42
458.734
458.321
458.173
458.053
460.581
462.916
463.725
464.006
463.804
464.032
463.87
464.176
464.985
463.233
463.253
462.939
462.973
462.608
462.089
462.683
462.98
462.226
461.923
461.995
462.233
463.556
463.026
463.668
462.95
460.149
459.89
459.396
458.854
459.1
459.229
459.657
459.097
459.231
459.231
458.468
457.624
457.927
457.528
459.528
458.713
458.291
458.131
456.827
456.838
456.475
461.743
463.774
463.27
463.484
463.282
463.302
463.724
463.956
467.088
467.205
464.041
463.987
463.852
463.369
463.027
463.681
463.524
463.019
463.364
463.546
463.354
460.7
460.838
462.686
463.598
460.468
460.362
461.102
461.823
461.772
461.79
462.007
461.779
460.957
460.135
459.652
459.426
459.47
459.991
462.436
461.63
462.06
462.594
462.729
462.351
462.337
463.316
461.498
457.381
457.358
457.332
456.947
456.644
456.896
457.265
454.288
453.47
454.356
453.095
453.189
452.999
452.922
452.924
452.791
452.896
452.513
452.011
451.745
451.704
451.713
452.171
452.372
452.137
452.275
453.433
452.265
452.133
452.138
450.854
450.645
450.873
453.147
452.994
453.253
452.677
454.974
455.251
454.992
454.908
454.952
455.225
455.198
455.347
455.188
455.582
455.965
453.819
453.867
453.585
453.847
454.197
451.27
451.401
451.36
451.624
451.726
451.475
452.796
456.115
456.475
457.185
457.275
457.889
458.607
458.955
462.412
462.543
462.492
463.32
463.099
462.681
462.049
462.222
462.4
461.664
461.356
461.298
460.938
460.606
460.296
462.404
462.254
460.025
460.199
460.857
462.138
462.463
462.727
463.708
463.052
462.682
462.578
462.429
462.196
462.261
463.399
461.972
458.96
458.565
458.064
457.646
457.815
457.669
458.325
457.911
457.291
459.302
459.077
459.093
458.585
458.935
461.68
460.561
459.495
458.911
458.08
456.262
456.383
456.558
453.821
453.11
452.279
451.559
450.545
449.381
448.952
447.013
447.04
447.493
447.98
448.317
448.293
448.113
447.57
447.382
447.529
447.612
447.865
444.992
444.483
444.419
443.298
445.424
444.87
440.919
440.734
439.908
438.829
435.911
436.014
435.876
435.829
435.546
435.403
434.855
434.035
435.086
437.389
437.502
437.273
437.214
437.092
436.867
436.775
437.007
434.114
434.087
433.814
433.788
433.827
433.01
432.532
433.226
433.817
434.202
434.658
435.958
433.172
431.729
432.431
432.722
433.08
433.226
433.717
434.132
433.979
436.41
436.548
435.92
435.539
433.723
433.323
433.114
433.192
433.513
433.478
433.319
433.121
435.704
436.449
436.482
437.255
437.3
437.62
441.178
440.937
440.726
439.77
442.406
442.317
442.357
442.078
441.876
441.365
441.719
441.921
442.048
441.952
442.219
442.769
442.838
442.639
442.541
442.522
442.555
445.904
445.911
445.825
445.445
444.528
445.403
445.461
445.056
444.952
444.713
444.669
444.256
447.028
448.796
450.721
450.823
450.925
450.529
450.653
450.227
450.273
450.255
450.311
450.724
450.441
452.177
452.609
452.043
452.136
452.297
452.049
452.251
452.044
451.296
450.166
449.977
449.972
449.771
449.391
448.912
448.943
449.246
450.678
450.563
450.505
450.577
450.506
450.391
450.709
449.888
449.799
449.344
449.598
449.5
448.986
448.506
448.116
448.379
447.893
448.171
448.304
448.612
448.885
449.437
449.911
449.862
450.471
451.013
451.42
452.158
452.569
453.188
453.617
452.963
453.112
453.542
453.964
454.985
454.939
455.586
455.959
455.982
455.687
455.762
456.129
456.392
456.797
457.485
456.421
456.201
456.461
456.497
456.882
458.057
458.736
457.495
457.87
457.503
457.486
457.571
457.429
457.694
456.643
456.475
454.881
454.607
454.5
454.443
454.294
454.043
453.685
453.819
453.632
453.381
453.293
453.616
454.112
453.605
453.752
453.038
452.792
452.09
451.969
451.252
446.9
446.757
446.194
445.775
445.364
443.746
443.317
441.917
441.422
441.733
441.221
440.594
439.723
439.008
438.439
438.383
437.767
437.41
437.344
436.477
436.203
435.758
434.503
434.392
433.102
432.664
432.568
432.095
430.871
430.316
430.225
431.342
430.86
431.054
431.085
430.829
430.493
430.394
431.414
431.147
432.857
433.131
427.655
