60
15.9727
13.1836
12.1407
11.6129
11.2737
11.049
10.8703
10.7428
10.6367
10.5451
10.4511
10.3848
10.3362
10.2965
10.2552
10.2242
10.1866
10.1565
10.1331
10.1117
10.0925
10.0738
10.0563
10.048
10.0331
10.0204
10.0115
10.0012
9.9983
9.99212
9.9871
9.98944
9.993
9.99551
9.9957
9.99413
9.98919
9.98995
9.99314
10.0233
10.0822
10.1628
10.2573
10.3602
10.4723
10.588
10.7115
10.8358
10.9589
11.0803
11.2014
11.3203
11.4354
11.5498
11.6603
11.7693
11.8775
11.9856
12.0928
12.0372
12.2046
12.3575
12.5171
12.6785
12.8424
13.0127
13.1894
13.3695
13.5552
13.7465
13.9489
14.155
14.3631
14.5755
14.7983
15.0248
15.2685
15.5148
15.7571
16.0151
16.287
16.5625
16.7069
16.9946
17.3012
17.6163
17.9375
18.2715
18.6053
18.9597
19.3257
19.692
20.0698
20.4622
20.8806
21.324
21.7975
22.2765
22.7589
23.1692
23.4854
23.7167
23.8849
24.0158
24.122
24.1937
24.2186
24.2391
24.2551
24.2766
24.2845
24.2933
24.2998
24.314
24.3372
24.3457
24.3567
24.3549
24.3386
24.338
24.337
24.3576
24.3595
24.3641
24.362
24.3586
24.359
24.3415
24.3259
24.3297
24.3391
24.3441
24.3451
24.3496
24.3565
24.3613
24.3562
24.3514
24.3567
24.3618
24.3569
24.3614
24.6605
24.6451
24.6249
24.609
24.5898
24.5791
24.5654
24.5492
24.5334
24.4992
24.4815
24.4635
24.4398
24.4145
24.3786
24.3355
24.3039
24.2625
24.2137
24.1635
24.119
24.0619
23.9784
23.9167
23.8619
23.7928
23.7169
23.6385
23.5649
23.4952
23.4307
23.3544
23.2764
23.2152
23.1465
23.097
23.0589
23.0094
22.9492
22.8841
22.8315
22.7704
22.732
22.6906
22.6419
22.6111
22.5765
22.5372
22.3642
22.3186
22.2803
22.2341
22.1894
22.1361
22.1026
22.0657
22.0443
22.013
21.9804
21.9472
21.9123
21.8868
21.8653
21.8351
21.8184
21.801
21.7854
21.7677
21.7513
21.7418
21.7196
21.7091
21.6949
21.6778
21.6645
21.6558
21.6519
21.6509
21.648
21.645
21.643
21.6351
21.6319
21.6366
21.6371
21.6381
21.6452
21.6591
21.6735
21.6816
21.6932
21.6984
21.7139
21.7149
21.7267
21.7244
21.715
21.7157
21.7304
21.7435
21.7532
21.7648
21.7724
21.7839
21.8016
21.8099
21.8208
21.8214
21.9492
21.961
21.9524
21.9681
21.9738
21.9951
21.9997
22.0104
22.006
22.0014
21.994
22.0075
22.0279
22.0373
22.0504
22.0694
22.0778
22.0877
22.1024
22.1184
22.1371
22.1617
22.1837
22.1951
22.2112
22.2255
22.2391
22.2561
22.2668
22.2821
22.2859
22.2946
22.3007
22.331
22.3624
22.369
22.3804
22.3937
22.4149
22.4193
22.4141
22.4299
22.4508
22.4759
22.4835
22.5067
22.5239
22.538
22.5576
22.5764
22.5872
22.5943
22.5928
22.6056
22.6124
22.6195
22.6212
22.6018
22.6151
22.6267
22.6367
22.6463
22.675
22.6916
22.7141
22.7242
22.7334
22.7477
22.7702
22.7794
22.8028
22.8126
22.8203
22.8303
22.6271
22.6374
22.6486
22.6527
22.6479
22.6548
22.6563
22.6459
22.6511
22.6529
22.6594
22.6676
22.6743
22.6856
22.6882
22.6886
22.7176
22.743
22.7664
22.7794
22.7886
22.8029
22.8223
22.8461
22.8564
22.8788
22.9094
22.9189
22.9213
22.9267
22.9352
22.9462
22.9565
22.9666
22.9704
22.9607
22.969
22.979
22.9991
23.0066
23.0223
23.0295
23.0335
23.0667
23.0825
23.1034
23.1133
23.0599
23.0742
23.0789
23.0895
23.1076
23.118
23.1274
23.1389
23.161
23.1675
23.179
23.1823
23.2064
23.4395
23.4559
23.4663
23.4801
23.4965
23.5082
23.5247
23.5541
23.5627
23.5769
23.5876
23.59
23.6003
23.6043
23.6195
23.6345
23.6335
23.6341
23.6313
23.6381
23.6416
23.6433
23.6471
23.6535
23.6611
23.6508
23.6596
23.6728
23.6879
23.6956
23.7125
23.7069
23.7126
23.7227
23.7366
23.6838
23.7028
23.7127
23.7272
23.743
23.7588
23.7672
23.792
23.8197
23.8303
23.84
23.8523
23.9368
23.9392
23.952
23.9639
23.9816
23.9985
24.0116
24.0261
24.0449
24.0534
24.0503
24.0674
24.0713
24.0951
24.1032
24.1171
24.1332
24.1444
24.1575
24.1656
24.1715
24.1865
24.1922
24.1944
24.2074
24.2207
24.2425
24.2631
24.2772
24.2921
24.3111
24.3381
24.3504
24.3686
24.397
24.4111
24.4233
24.4345
24.4616
24.4761
24.4867
24.4961
24.5068
24.5169
24.5452
24.556
24.5564
24.5631
24.6548
24.6525
24.6757
24.6769
24.6892
24.6904
24.7046
24.7144
24.7148
24.723
24.7347
24.7464
24.7498
24.7635
24.7716
24.7813
24.7882
24.8109
24.8251
24.8405
24.8321
24.8562
24.8861
24.9084
24.9258
24.9374
24.9659
24.9974
25.0171
25.0513
25.0713
25.1029
25.1344
25.1587
25.1943
25.2275
25.2605
25.2834
25.298
25.3165
25.3424
25.3622
25.3714
25.37
25.365
25.3622
25.3549
25.3562
25.352
25.3619
25.3637
25.3654
25.3677
25.3754
25.4062
25.4333
25.4548
25.4801
25.5263
25.5589
25.5813
25.5967
25.6056
25.6336
25.6526
25.6804
25.6941
25.7063
25.7315
25.7479
25.7615
25.8045
25.8321
25.8537
25.8717
25.8868
25.8935
25.8827
25.8869
25.8767
25.8853
25.8758
25.8548
25.845
25.8355
25.8201
25.7991
25.7771
25.7698
25.7591
25.7563
25.4032
25.3716
25.3451
25.3172
25.2942
25.2648
25.2421
25.2131
25.1803
25.1499
25.1219
25.0966
25.0849
25.0813
25.0711
25.0679
25.0744
25.0937
25.1052
25.1187
25.1316
25.1476
25.1514
25.1447
25.1422
25.1296
25.1212
25.1056
25.071
25.054
25.0469
25.0357
25.0163
25.0057
24.995
24.9937
24.9939
24.9849
24.9838
24.9849
24.9807
24.9848
24.9933
25.0092
25.0189
25.0255
25.0446
25.0623
25.0791
25.0897
25.1061
25.095
25.107
25.1083
25.1136
25.1236
25.142
25.1602
25.1782
25.1835
25.538
25.5801
25.615
25.6528
25.6837
25.7243
25.7671
25.801
25.83
25.866
25.8978
25.9287
25.9398
25.9557
25.9762
25.9823
25.9726
25.9613
25.9514
25.9418
25.931
25.9227
25.9263
25.9316
25.9309
25.945
25.9636
25.9878
26.0384
26.0789
26.1238
26.1518
26.1877
26.2158
26.2254
26.2313
26.2345
26.2417
26.2376
26.2398
26.2164
26.1915
26.173
24.516
24.4741
24.4471
24.4172
24.3924
24.3749
24.3716
24.3569
24.3754
24.361
24.3514
24.34
24.3182
24.2853
24.2584
24.2151
24.1845
24.1311
24.0786
24.0276
23.9719
23.9212
23.8505
23.7946
23.743
23.7002
23.6496
23.6125
23.583
23.5651
23.5379
23.5197
23.5173
23.5177
23.5161
23.5078
23.4998
23.4824
23.475
23.471
23.457
23.4377
23.418
23.3899
23.3552
23.3222
23.2846
23.2415
23.2054
23.1581
23.1124
23.0757
23.0486
23.0194
22.9972
22.9738
22.9469
22.9319
22.9203
22.9095
24.3168
24.3314
24.3367
24.3451
24.3429
24.3422
24.3364
24.3346
24.3343
24.3498
24.3655
24.3805
24.3908
24.4067
24.4141
24.4326
24.4497
24.4801
24.5062
24.5331
24.5607
24.5813
24.6382
24.68
24.7171
24.7623
24.8187
24.8687
24.9102
24.9558
25.0051
25.0556
25.0929
25.1373
25.1661
25.1878
24.9797
24.9984
24.9956
24.9912
24.9873
24.9854
24.9946
25.0031
25.0086
25.0185
25.0314
25.0565
25.0873
25.128
25.1842
25.2381
25.2871
25.3312
25.3695
25.4091
25.4538
25.4918
25.5335
25.5663
25.6007
25.6356
25.6636
25.686
25.7117
25.7446
25.7762
25.8111
25.8458
25.8623
25.8739
25.888
25.8985
25.9295
25.9282
25.9522
25.9805
25.9969
26.017
26.0476
26.087
26.1355
26.1647
26.1893
26.223
26.2426
26.2459
26.2452
26.2377
26.2332
26.239
26.2336
26.2089
26.185
26.1745
26.1688
26.4206
26.4438
26.4596
26.4725
26.4931
26.5113
26.5171
26.5274
26.5304
26.5393
26.5399
26.5236
26.5164
26.5074
26.4795
26.4711
26.4554
26.4596
26.4551
26.4437
26.438
26.4443
26.445
26.4303
26.4098
26.3981
26.3932
26.3963
26.3992
26.4053
26.3979
26.3926
26.3726
26.3622
26.358
26.3502
26.343
26.3081
26.3064
26.2935
26.2877
26.2938
26.3033
26.2989
26.2869
26.2707
26.2608
26.2621
26.2626
26.2546
26.252
26.2458
26.2584
26.2671
26.2571
26.2489
26.2627
26.268
26.2776
26.2771
26.2801
26.2798
26.2923
26.3028
26.2992
26.2953
26.2947
26.2904
26.2904
26.2948
26.2912
26.305
26.3144
26.3196
26.3264
26.3129
26.3082
26.2759
26.2759
26.2853
26.2838
26.281
26.2809
26.2923
26.3062
26.2939
26.2858
26.2818
26.27
26.2581
26.2551
26.2442
26.261
26.2656
26.2675
26.2893
26.3298
26.3722
26.1809
26.1611
26.1267
26.0924
26.0486
26.0088
25.9721
25.9386
25.892
25.8534
25.834
25.7978
25.7713
25.7388
25.7021
25.6894
25.6828
25.6793
25.6743
25.6643
25.6632
25.6797
25.6941
25.6954
25.6911
25.6934
25.7097
25.727
25.7393
25.7668
25.7921
25.8057
25.8334
25.8475
25.8573
25.8563
25.8667
25.8866
25.9024
25.9368
25.9495
25.9609
25.9735
25.9729
25.9773
25.9796
25.9946
26.0132
26.0355
26.0524
26.0695
26.0785
26.0959
26.1073
26.0953
26.0929
26.0831
26.0563
26.0238
25.9894
26.1773
26.1884
26.2216
26.242
26.2627
26.2836
26.3116
26.3583
26.4095
26.4358
26.4501
26.4857
26.5164
26.5641
26.6142
26.6232
26.6486
26.6633
26.6857
26.7024
26.7114
26.7126
26.7092
26.7002
26.6964
26.6926
26.6665
26.6406
26.6359
26.6207
26.6201
26.6165
26.6201
26.6257
26.6297
26.6392
26.64
26.6354
26.6347
26.6273
26.6316
26.6438
26.6471
26.6646
26.663
26.67
26.6718
26.6835
26.6951
26.7018
26.7151
26.7152
26.7152
26.714
26.7178
26.7163
26.7369
26.7469
26.7544
26.7601
26.7876
26.8079
26.7953
26.7976
26.8035
26.8061
26.7956
26.7736
26.7519
26.744
26.7394
26.7403
26.7453
26.7304
26.7088
26.7133
26.6942
26.6878
26.6745
26.6683
26.6613
26.665
26.6533
26.6709
26.6931
26.7083
26.7386
26.7671
26.7872
26.799
26.7913
26.7954
26.8009
26.8002
26.7937
26.7989
26.8001
26.8006
26.7909
26.7782
26.763
26.7258
26.71
26.676
26.6731
26.6787
26.676
26.6683
26.6504
26.6301
26.6137
26.6012
26.5862
26.5856
26.6056
26.6227
26.624
26.6393
26.6419
26.657
26.6755
26.692
26.7197
26.7365
26.7579
26.781
26.8091
26.8238
26.8538
26.8673
26.8745
26.8788
26.8763
26.8929
26.9205
26.9245
26.9263
26.9299
26.9239
26.9298
26.9237
26.9092
26.9161
26.8998
26.875
26.8454
26.8061
26.7903
26.7634
26.734
26.7334
26.7121
26.6962
26.3802
26.346
26.3087
26.2675
26.2321
26.2036
26.1914
26.1709
26.1722
26.1515
26.1543
26.1526
26.1531
26.1544
26.1472
26.1592
26.1666
26.1619
26.1708
26.1834
26.1896
26.175
26.1722
26.1734
26.1822
26.2061
26.2171
26.1952
26.1977
26.1941
26.1927
26.2005
26.2116
26.2115
26.2235
26.2157
26.2242
26.2275
26.2274
26.2259
26.219
26.209
26.21
26.2238
26.2336
26.2421
26.2424
26.239
26.2379
26.2406
26.2521
26.2661
26.2901
26.1263
26.1155
26.1115
26.153
26.1771
26.2153
26.241
26.5693
26.6203
26.6756
26.737
26.7969
26.8575
26.8978
26.9238
26.9608
26.9998
27.0216
27.0166
27.0111
27.0157
27.0271
27.0333
27.0339
27.0528
27.074
27.0864
27.1121
27.1146
27.115
27.121
27.1204
27.1236
27.1211
27.1285
27.1303
27.1372
27.1455
27.1255
27.1183
27.1257
27.1299
27.1476
27.14
27.1532
27.1743
27.1845
27.1946
27.1856
27.1826
27.1778
27.159
27.1678
27.1653
27.1597
27.1745
27.156
27.156
27.1459
27.1264
27.3375
27.3759
27.397
27.3748
27.3623
27.3511
27.3392
27.3365
27.3461
27.3503
27.3345
27.331
27.313
27.3051
27.316
27.2907
27.2807
27.2668
27.2648
27.2558
27.2362
27.2074
27.1774
27.1832
27.1875
27.1821
27.1691
27.1379
27.1475
27.1454
27.131
27.1173
27.0911
27.078
27.0802
27.0699
27.0554
27.0483
27.0549
27.041
27.037
27.0331
27.0139
27.0087
26.9959
26.9766
26.9623
26.9451
26.9612
26.9724
26.9768
26.9823
26.972
26.965
26.9752
26.9572
26.9608
26.9496
26.9589
26.9778
26.9786
26.9727
26.9783
26.9902
27.0028
27.006
27.0039
26.9955
26.9768
26.9676
26.9707
26.9592
26.9563
26.9593
26.9557
26.973
26.9707
26.9578
26.9581
26.9692
26.9889
27.0201
27.0391
27.0293
27.0205
27.0181
27.0183
27.0269
27.0211
26.9993
26.9854
26.9737
26.9851
27.0005
26.9965
26.9944
27.0039
27.008
27.0267
27.042
27.0417
27.0253
27.0305
26.635
26.6013
26.577
26.558
26.5327
26.4926
26.4405
26.3999
26.3836
26.3545
26.3254
26.2744
26.2506
26.2372
26.2213
26.2161
26.2227
26.2349
26.2462
26.2415
26.2196
26.2007
26.1866
26.1881
26.1927
26.2133
26.2054
26.1944
26.1853
26.1766
26.1684
26.1636
26.1562
26.1678
26.1922
26.1951
26.1873
26.1747
26.1619
26.1436
26.1561
26.1584
26.1448
26.1302
26.1121
26.0939
26.1061
26.1147
26.1247
26.1273
26.1321
26.1398
26.1341
26.1192
26.1133
26.0997
26.0885
26.0921
26.0991
26.0995
26.4987
26.5295
26.5541
26.5663
26.6021
26.6441
26.6938
26.7321
26.7694
26.8136
26.8497
26.8967
26.9285
26.9593
26.9963
27.0135
27.0124
27.0014
26.9866
26.9883
26.9889
26.9796
26.9769
26.9751
26.974
26.9676
26.9862
27.0159
27.0461
27.0761
27.0943
27.1004
27.1072
27.1106
27.1243
27.1449
27.1649
27.1838
27.206
27.2322
27.2316
27.2375
27.234
27.244
27.2614
27.2928
27.3024
26.912
26.8921
26.8611
26.8141
26.7755
26.7597
26.7463
26.6944
26.6511
26.623
26.5912
26.5596
26.5265
26.4923
26.4684
26.4429
26.4256
26.3878
26.3421
26.29
26.2358
26.1879
26.1802
26.1966
26.2195
26.2271
26.2312
26.2131
26.2046
26.1959
26.1899
26.1839
26.1793
26.1839
26.206
26.2214
26.2165
26.2185
26.2211
26.2168
26.2099
26.1971
26.1784
26.161
26.143
26.1294
26.1045
26.0863
26.0726
26.0509
26.0344
26.0201
25.6918
25.6524
25.6116
25.596
25.5753
25.5473
25.5068
25.459
25.7752
25.7545
25.7367
25.7454
25.7483
25.7376
25.7219
25.7409
25.7506
25.7596
25.757
25.7542
25.7495
25.7402
25.7494
25.7607
25.7768
25.8244
25.871
25.9233
25.9874
26.0202
26.0107
26.0011
25.9943
25.9959
25.9932
25.9976
25.9959
25.9961
25.9966
26.004
26.008
26.0207
26.0161
26.0223
26.0314
26.0276
26.0205
26.0078
25.9936
25.988
25.9856
25.9895
25.6859
25.6496
25.625
25.5819
25.5462
25.5178
25.4735
25.4358
25.7092
25.708
25.7012
25.6948
25.6837
25.682
25.6908
25.7145
25.725
25.7313
25.7348
25.726
25.7188
25.7079
25.6912
25.6821
25.6602
25.6478
25.6545
25.6674
25.6803
25.7009
25.689
25.6741
25.6679
25.6671
25.6484
25.632
25.6158
25.6196
25.618
25.6043
25.5855
25.5675
25.5479
25.5378
25.5322
25.5309
25.5323
25.5309
25.5346
25.527
25.5073
25.3747
25.3672
25.3715
25.3852
25.3953
25.3961
25.401
25.4012
25.3868
25.6847
25.7236
25.7594
25.794
25.8376
25.8746
25.9307
25.9803
26.0135
26.0448
26.0758
26.1057
26.1557
26.1942
26.2124
26.2433
26.288
26.325
26.3544
26.3748
26.3905
26.4106
26.4511
26.4931
26.5541
26.6024
26.6339
26.6553
26.6728
26.6938
26.7182
26.7603
26.7732
26.7569
26.7695
26.7729
26.7769
26.7841
26.7843
26.806
26.8362
26.8647
26.8811
26.8876
26.895
26.7168
26.6969
26.6705
26.6682
26.6704
26.6858
26.8198
26.8367
26.8294
26.8023
26.8013
26.7989
26.7819
26.7924
26.8132
26.807
26.82
26.806
26.8149
26.7976
26.795
26.766
26.7458
26.7298
26.7362
26.7359
26.7367
26.7307
26.707
26.7096
26.6995
26.6821
26.6896
26.7105
26.7217
26.7438
26.7717
26.7901
26.8016
26.7906
26.768
26.7567
26.756
26.7419
26.7124
26.7151
26.6857
26.6764
26.6846
26.679
26.6855
26.6889
26.6533
26.2823
26.2482
26.1935
26.1483
26.1061
26.0715
26.0391
26.1643
26.1651
26.1593
26.1191
26.0665
26.0361
26.0031
25.9481
25.8948
25.8646
25.8248
25.8041
25.7848
25.7504
25.7126
25.6796
25.6365
25.62
25.5931
25.5491
25.5237
25.5223
25.5051
25.5116
25.5002
25.514
25.5165
25.523
25.5451
25.5545
25.563
25.5723
25.5553
25.5354
25.5342
25.5206
25.5275
25.5223
25.514
25.5189
25.5078
25.5006
25.4967
25.5032
25.2464
25.199
25.1873
25.1654
25.1259
25.0924
25.0532
25.0159
24.9958
25.2994
25.2696
25.2636
25.258
25.2588
25.2656
25.2456
25.2517
25.2243
25.2093
25.2085
25.2259
25.2163
25.2194
25.2079
25.2219
25.2118
25.2038
25.1777
25.1666
25.1474
25.1409
25.1486
25.1542
25.1448
25.1286
25.1447
25.1391
25.1211
25.1222
25.0977
25.065
25.0178
24.9679
24.9218
24.8773
24.8348
24.7913
24.7396
24.717
24.4845
24.4569
24.4341
24.3834
24.3512
24.3212
24.2967
24.2925
24.2757
24.2527
24.2389
24.4562
24.4768
24.4768
24.4773
24.4849
24.4904
24.4847
24.4708
24.4729
24.478
24.4835
24.4846
24.4721
24.4892
24.5239
24.5673
24.5967
24.6354
24.6676
24.7028
24.7294
24.7696
24.7963
24.8333
24.8688
24.9008
24.9292
24.9583
24.9915
25.0323
25.0838
25.1147
25.1544
25.1863
25.2275
25.2567
25.2765
25.3021
25.3161
25.3543
25.3904
25.4248
25.4776
25.5059
25.5278
25.5582
25.5849
25.6321
25.6624
25.9141
25.9488
25.9644
25.9965
26.0294
26.0515
26.068
26.0903
26.1205
26.1549
26.1536
26.1914
26.2095
26.2383
26.2707
26.305
26.3381
26.376
26.4252
26.454
26.4854
26.5063
26.5352
26.5741
26.5937
26.5686
26.5588
26.537
26.5277
26.5197
26.5083
26.5033
26.5009
26.4973
26.5141
26.5024
26.5203
26.5437
26.5711
26.5839
26.5896
26.5726
26.5612
26.5417
26.5373
26.5131
26.5134
26.5299
26.5415
26.5228
26.5127
26.5132
26.5111
26.5134
26.5091
26.5171
26.519
26.5327
26.5237
26.5179
26.5195
26.5191
26.5399
26.5571
26.5495
26.553
26.5539
26.5546
26.5432
26.5346
26.5494
26.5512
26.55
26.5554
26.5666
26.556
26.5487
26.5592
26.5639
26.5785
26.5909
26.628
26.6408
26.6446
26.6416
26.6336
26.6288
26.6491
26.6474
26.6743
26.6802
26.6819
26.6781
26.687
26.6906
26.7064
26.6811
26.6659
26.6695
26.6607
26.6505
26.6437
26.6641
26.6751
26.6789
26.7023
26.6896
26.6804
26.6703
26.6926
26.7129
26.7123
26.7137
26.6857
26.6891
26.6933
26.7037
26.701
26.7105
26.7135
26.7237
26.72
26.7041
26.7049
26.6941
26.6904
26.7037
26.7147
26.7025
26.7113
26.7227
26.7154
26.7039
26.6966
26.6685
26.6727
26.6584
26.6647
26.6545
26.6542
26.6244
26.6106
26.6032
26.6115
26.6129
26.6426
26.6578
26.6608
26.6765
26.6808
26.7058
26.7178
26.5581
26.5434
26.5265
26.5145
26.527
26.5172
26.4979
26.4969
26.5044
26.5029
26.4817
26.4734
26.4765
26.4829
26.5014
26.4944
26.4901
26.4822
26.4732
26.4687
26.4668
26.4865
26.4747
26.4825
26.4717
26.4594
26.4552
26.4404
26.4447
26.4359
26.4435
26.4266
26.4304
26.4382
26.4319
26.4175
26.4194
26.4057
26.4137
26.4247
26.4264
26.4261
26.4407
26.4355
26.4421
26.4259
26.4338
26.4215
26.4296
26.4366
26.4423
26.427
26.4372
26.3944
26.3914
26.3997
26.394
26.3649
26.3405
26.3433
26.4923
26.5005
26.5168
26.5158
26.511
26.5243
26.5317
26.5344
26.529
26.53
26.5408
26.5457
26.537
26.5319
26.5326
26.5141
26.5127
26.5154
26.4972
26.4975
26.489
26.4815
26.4939
26.4738
26.4714
26.4703
26.4694
26.4902
26.4656
26.4738
26.4825
26.4853
26.5002
26.4886
26.4936
26.4908
26.5103
26.5181
26.4995
26.4905
26.5059
26.5088
26.4981
26.5071
26.5249
26.5256
26.3485
26.3544
26.3675
26.3576
26.3765
26.3994
26.3834
26.4119
26.4198
26.4121
26.4051
26.4118
26.4174
26.415
26.4029
26.3959
26.3729
26.3826
26.3798
26.3839
26.3728
26.3656
26.3554
26.3656
26.3757
26.3739
26.3715
26.3596
26.3489
26.3777
26.3768
26.3929
26.3959
26.3979
26.3901
26.3818
26.3576
26.3717
26.3569
26.3564
26.3472
26.3467
26.3567
26.3578
26.3624
26.3831
26.3796
26.3922
26.3869
26.4
26.3984
26.3889
26.396
26.1758
26.1364
26.1002
26.0874
26.0638
26.0441
26.0613
26.2332
26.2319
26.225
26.2371
26.2149
26.2123
26.2265
26.2423
26.2416
26.2265
26.232
26.2393
26.2424
26.2332
26.2578
26.2656
26.2709
26.2693
26.2823
26.2693
26.2922
26.2906
26.307
26.298
26.309
26.3076
26.3105
26.3031
26.2946
26.2882
26.3088
26.2866
26.2908
26.2797
26.2901
26.3063
26.3207
26.3189
26.3198
26.3237
26.3372
26.3269
26.3322
26.3247
26.3132
26.3094
26.183
26.1928
26.2057
26.1913
26.202
26.224
26.2324
26.4756
26.5267
26.5772
26.6175
26.645
26.6739
26.6707
26.6621
26.6706
26.6858
26.6772
26.6825
26.6856
26.6876
26.6929
26.7058
26.7101
26.7237
26.7214
26.7169
26.7121
26.704
26.7075
26.7155
26.6993
26.6957
26.6948
26.6761
26.6872
26.6761
26.6681
26.662
26.6626
26.6721
26.6966
26.7164
26.7029
26.6782
26.6958
26.6971
26.7056
26.7189
26.7109
26.73
26.726
26.7359
26.754
26.7499
26.7396
26.7401
26.7264
26.7211
26.6943
26.8331
26.8209
26.7925
26.8094
26.8105
26.804
26.8125
26.7991
26.7955
26.7915
26.7684
26.7689
26.7526
26.7319
26.7272
26.6986
26.6842
26.6839
26.67
26.6624
26.6521
26.6333
26.6041
26.6178
26.6106
26.6073
26.6109
26.6201
26.6281
26.6092
26.5955
26.6142
26.6096
26.6176
26.6245
26.6169
26.611
26.6305
26.6165
26.61
26.6008
26.6071
26.5996
26.6144
26.6334
26.6179
26.6356
26.6349
26.6415
26.6608
26.6593
26.6678
26.6794
26.6733
26.6685
26.6856
26.6911
26.7157
26.7139
26.7435
26.7469
26.7543
26.7706
26.7758
26.76
26.7594
26.7335
26.7336
26.7308
26.7277
26.7395
26.7417
26.7274
26.7238
26.7222
26.7485
26.7497
26.7437
26.7394
26.7551
26.7537
26.7454
26.7502
26.7562
26.7579
26.7748
26.7378
26.7383
26.7319
26.7413
26.7208
26.7176
26.7248
26.7263
26.7112
26.7076
26.7214
26.7184
26.716
26.7015
26.7032
26.634
26.6419
26.6427
26.6462
26.6618
26.6518
26.6159
26.6115
26.6
26.5899
26.5816
26.5827
26.5626
26.5607
26.5522
26.5345
26.5364
26.5366
26.5396
26.5388
26.5135
26.5076
26.4944
26.5016
26.4928
26.5088
26.5067
26.5159
26.5048
26.4918
26.4809
26.5006
26.5048
26.4952
26.4961
26.4991
26.5107
26.5268
26.4953
26.5108
26.5248
26.5338
26.5125
26.4978
26.4856
26.5035
26.4988
26.4958
26.502
26.5289
26.52
26.5232
26.5084
26.3722
26.375
26.3797
26.3837
26.3825
26.3998
26.4015
26.4448
26.4183
26.4012
26.3994
26.3938
26.375
26.42
26.41
26.394
26.4009
26.4036
26.4094
26.4133
26.4309
26.4395
26.4468
26.4479
26.4491
26.4292
26.428
26.4363
26.4276
26.4205
26.4101
26.4044
26.3815
26.383
26.3834
26.3828
26.4
26.4034
26.4024
26.4199
26.4409
26.4277
26.4397
26.4363
26.4437
26.4566
26.4227
26.4284
26.4187
26.4305
26.4504
26.4472
26.454
26.4686
26.4662
26.4714
26.4834
26.4902
26.4943
26.514
26.6676
26.6717
26.6611
26.6509
26.6649
26.6776
26.6922
26.7116
26.7103
26.7231
26.7236
26.7286
26.7482
26.7394
26.7281
26.7376
26.7469
26.7531
26.7521
26.7644
26.7439
26.7498
26.7574
26.7491
26.7647
26.7528
26.7441
26.7644
26.7757
26.7814
26.7942
26.8028
26.8068
26.8117
26.8165
26.8247
26.8197
26.8209
26.8107
26.8131
26.8272
26.8383
26.8255
26.8216
26.8111
26.8299
26.8684
26.8762
26.8925
26.8948
26.8806
26.8853
26.8957
26.8881
26.8995
26.8985
26.8926
26.8886
26.8897
26.8771
26.8725
26.8789
26.8855
26.8649
26.8597
26.8465
26.8428
26.8373
26.8609
26.8644
26.8504
26.8572
26.8698
26.8847
26.9127
26.921
26.893
26.8895
26.8778
26.8785
26.8895
26.8882
26.8866
26.8688
26.8471
26.8663
26.8764
26.8746
26.8803
26.883
26.8553
26.8608
26.8826
26.8688
26.8514
26.8457
26.8278
26.8061
26.8056
26.7991
26.7812
26.5787
26.5454
26.4947
26.4501
26.3998
26.3484
26.291
26.2503
26.2179
26.1888
26.1668
26.1492
26.1268
26.0921
26.0672
26.0736
26.0699
26.054
26.0483
26.0375
26.0263
26.0167
26.0395
26.0424
26.0398
26.0186
26.0266
26.0349
26.0386
26.0499
26.0421
26.0198
25.9925
25.9727
25.9615
25.9774
25.9768
25.987
25.9836
25.9851
25.9722
25.9693
25.9914
26.0089
25.998
25.9897
25.9762
25.9522
25.9324
25.9416
25.9338
25.9309
25.7505
25.7449
25.711
25.6848
25.6756
25.6465
25.6073
25.574
25.7498
25.7732
25.8181
25.8547
25.8842
25.9213
25.9646
25.998
26.0319
26.0662
26.0947
26.1037
26.1304
26.1624
26.1754
26.1572
26.1653
26.1753
26.1779
26.1728
26.1708
26.1903
26.2083
26.2148
26.2279
26.2542
26.2443
26.2217
26.2131
26.2046
26.2049
26.2065
26.2159
26.2279
26.2353
26.2469
26.2421
26.229
26.2326
26.2326
26.2175
26.2178
26.2103
26.2113
26.2182
26.1431
26.1592
26.1888
26.2024
26.2105
26.2104
26.2031
26.3915
26.3939
26.4212
26.463
26.4952
26.5341
26.5663
26.6133
26.6259
26.6363
26.6376
26.6455
26.636
26.6382
26.6416
26.6338
26.6211
26.6258
26.6086
26.5977
26.5783
26.5766
26.5827
26.5881
26.5839
26.576
26.5924
26.6151
26.6163
26.6014
26.5886
26.5779
26.5685
26.5606
26.5662
26.5792
26.5378
26.5102
26.502
26.5105
26.5134
26.5039
26.4894
26.4748
26.4752
26.4807
26.4766
26.4755
26.4952
26.5034
26.5017
26.4939
26.4808
26.5574
26.5367
26.5171
26.5055
26.4922
26.4986
26.4939
26.4925
26.4994
26.5158
26.5244
26.5224
26.5137
26.4874
26.478
26.4821
26.4813
26.4912
26.4963
26.5117
26.5105
26.5151
26.53
26.5307
26.5137
26.5232
26.5334
26.5463
26.5444
26.5518
26.5696
26.5679
26.5703
26.5444
26.5307
26.5309
26.528
26.5278
26.5254
26.5206
26.5155
26.514
26.4955
26.5323
26.5434
26.5403
26.2634
26.2399
26.2095
26.2084
26.2266
26.2359
26.2335
26.2363
26.2144
26.2111
26.2145
26.2154
26.2177
26.2292
26.2279
26.241
26.247
26.2674
26.2827
26.2655
26.2764
26.2771
26.2856
26.2943
26.2757
26.2518
26.2507
26.2792
26.286
26.2683
26.2557
26.2467
26.2411
26.2426
26.2428
26.2263
26.2289
26.2473
26.2622
26.2799
26.2864
26.2787
26.2748
26.2768
26.2701
26.2711
26.2596
26.2723
26.2833
26.2837
26.2942
26.2883
26.2845
26.2813
26.2908
26.2918
26.3076
26.3192
26.3245
26.348
26.6345
26.6574
26.6975
26.7137
26.6872
26.6739
26.6676
26.6739
26.7023
26.6955
26.6855
26.693
26.7101
26.7148
26.717
26.6963
26.6876
26.6827
26.6725
26.681
26.6763
26.6721
26.6547
26.6477
26.6558
26.6835
26.6825
26.6858
26.6796
26.6976
26.7083
26.7227
26.7158
26.7091
26.7173
26.7442
26.7478
26.7473
26.7431
26.713
26.6922
26.6862
26.689
26.6805
26.6727
26.6731
26.284
26.267
26.2241
26.1896
26.1518
26.102
26.0522
26.0199
25.9858
25.9453
25.9105
25.8667
25.8431
25.7947
25.7534
25.7292
25.7161
25.72
25.7155
25.7049
25.7133
25.7067
25.6948
25.7187
25.7122
25.7003
25.685
25.6844
25.6785
25.6955
25.6961
25.6908
25.6932
25.7043
25.7017
25.7087
25.7116
25.6935
25.6885
25.6928
25.7087
25.7191
25.7381
25.7452
25.7408
25.7105
25.7106
25.7186
25.7059
25.6941
25.6803
25.6535
25.553
25.5588
25.5628
25.58
25.5927
25.5873
25.5762
25.5581
25.9287
25.9351
25.9852
26.0244
26.0565
26.1087
26.1837
26.226
26.2351
26.2689
26.3058
26.3413
26.3744
26.3808
26.4008
26.4283
26.4291
26.4171
26.4296
26.4516
26.4725
26.4814
26.492
26.4785
26.4847
26.4686
26.4573
26.4437
26.4346
26.4151
26.4301
26.4428
26.436
26.4316
26.444
26.4443
26.4584
26.469
26.4923
26.4827
26.4738
26.4669
26.4373
26.4167
26.424
26.4635
26.4712
26.4381
26.438
26.4253
26.4243
26.4298
26.5328
26.5208
26.514
26.4923
26.4845
26.4774
26.48
26.5122
26.5135
26.5187
26.4969
26.4891
26.4908
26.4779
26.4571
26.4561
26.4819
26.4851
26.4938
26.5182
26.5321
26.5703
26.6012
26.6194
26.6496
26.6629
26.6788
26.69
26.6811
26.6853
26.6907
26.6961
26.6985
26.7234
26.7484
26.7661
26.7945
26.8278
26.84
26.8426
26.872
26.885
26.8953
26.9077
26.9172
26.933
26.9218
26.6724
26.6534
26.6325
26.6491
26.6503
26.656
26.6363
26.6441
26.6592
26.6652
26.6764
26.6793
26.6966
26.7054
26.7378
26.7623
26.765
26.749
26.7634
26.7798
26.7735
26.786
26.8014
26.8096
26.804
26.7967
26.8132
26.827
26.841
26.8437
26.8464
26.8465
26.8189
26.8024
26.7983
26.7884
26.7691
26.7621
26.7745
26.775
26.7664
26.7437
26.731
26.7246
26.7291
26.7206
26.7113
26.689
26.6932
26.679
26.6504
26.6445
26.6477
26.637
26.6348
26.6228
26.6181
26.5975
26.5877
26.5965
26.8562
26.8774
26.889
26.8897
26.8984
26.8774
26.8661
26.8584
26.879
26.8868
26.8946
26.8904
26.8899
26.8968
26.8709
26.8642
26.8884
26.9135
26.9156
26.9186
26.918
26.904
26.8838
26.8533
26.8549
26.8529
26.8419
26.8316
26.8173
26.807
26.8102
26.8026
26.8123
26.8185
26.8214
26.8152
26.8138
26.7979
26.7845
26.7641
26.7543
26.7568
26.7642
26.763
26.7506
26.7566
26.7671
26.7814
26.784
26.8007
26.8147
26.8222
26.8232
26.8267
26.8126
26.7913
26.7876
26.7927
26.7853
26.7708
26.7592
26.7604
26.7787
26.7634
26.7587
26.771
26.7877
26.776
26.7686
26.7551
26.7416
26.749
26.7519
26.7355
26.7427
26.7526
26.7367
26.7076
26.6893
26.6815
26.6776
26.6703
26.6732
26.7071
26.7213
26.7307
26.7099
26.7048
26.7023
26.7067
26.7046
26.7131
26.7196
26.7244
26.7161
26.7122
26.7114
26.7007
26.692
26.7006
26.7163
26.7284
26.7203
26.7305
26.744
26.7546
26.7537
26.7538
26.7361
26.7269
26.7303
26.7125
26.7038
26.6902
26.6842
26.6871
26.6696
26.6569
26.6501
26.6557
26.6633
26.6635
26.6572
26.6753
26.6853
26.6861
26.6792
26.6969
26.7082
26.7169
26.7133
26.7047
26.6961
26.6964
26.6925
26.682
26.6767
26.6932
26.7057
26.7068
26.7086
26.7054
26.7072
26.6995
26.6877
26.6899
26.7101
26.7083
26.7089
26.7045
26.7029
26.7001
26.6902
26.6841
26.6801
26.6686
26.6552
26.6599
26.6624
26.6409
26.6309
26.6304
26.6422
26.643
26.6348
26.6233
26.6153
26.6108
26.6201
26.6165
26.6152
26.6197
26.6085
26.6183
26.621
26.629
26.6266
26.6148
26.6152
26.6087
26.6037
26.5944
26.5852
26.5829
26.5848
26.5834
26.5806
26.5682
26.5437
26.532
26.5444
26.5599
26.5671
26.5668
26.5686
26.5743
26.5576
26.5431
26.5367
26.5281
26.5179
26.5448
26.5541
26.5456
26.5476
26.5488
26.5487
26.5476
26.5504
26.5551
26.543
26.5253
26.52
26.5211
26.5233
26.5365
26.5579
26.5808
26.5937
26.6053
26.585
26.5605
26.5366
26.5083
26.4983
26.4996
26.5044
26.501
26.4922
26.4936
26.484
26.4697
26.4697
26.4554
26.4528
26.4612
26.4847
26.5084
26.5234
26.5357
26.5316
26.5379
26.5356
26.5208
26.506
26.4601
26.4708
26.4805
26.4887
26.4883
26.477
26.4541
26.4456
26.4488
26.4574
26.4621
26.4901
26.5104
26.5275
26.5381
26.553
26.5413
26.5215
26.5314
26.5416
26.5432
26.5419
26.5377
26.5261
26.5191
26.5224
26.5113
26.5295
26.5366
26.5512
26.5478
26.5447
26.5236
26.5221
26.5303
26.55
26.5762
26.5798
26.5835
26.5928
26.5965
26.6135
26.6283
26.6317
26.6334
26.6293
26.6425
26.659
26.6595
26.6633
26.649
26.622
26.6064
26.615
26.6029
26.5925
26.5805
26.583
26.5963
26.6021
26.6516
26.6603
26.6634
26.6705
26.6756
26.6756
26.6954
26.699
26.701
26.6957
26.6932
26.6936
26.6891
26.676
26.6789
26.6723
26.6717
26.6818
26.6795
26.6671
26.6435
26.6533
26.6559
26.6764
26.6869
26.7019
26.734
26.7331
26.7335
26.7169
26.7217
26.7154
26.723
26.709
26.7147
26.7196
26.7201
26.725
26.7394
26.7326
26.7162
26.6962
26.6872
26.6925
26.685
26.6803
26.6647
26.6506
26.6449
26.643
26.6493
26.6695
26.6868
26.6698
26.6778
26.6918
26.6984
26.7098
26.711
26.7036
26.6867
26.6669
26.6445
26.53
26.5273
26.5294
26.5151
26.5083
26.4976
26.4961
26.4975
26.4942
26.4897
26.4875
26.4788
26.471
26.4552
26.4473
26.448
26.4515
26.4734
26.4783
26.4804
26.4506
26.4288
26.4022
26.3844
26.3661
26.3696
26.3597
26.3414
26.3292
26.324
26.3272
26.3119
26.3152
26.3112
26.3263
26.3333
26.3468
26.372
26.3774
26.3852
26.3887
26.4054
26.4157
26.4288
26.4351
26.4537
26.4711
26.4783
26.4865
26.4955
26.4948
26.5
26.5055
26.3658
26.3669
26.3726
26.382
26.4042
26.4123
26.4236
26.5438
26.5613
26.5686
26.5824
26.5934
26.614
26.6317
26.6101
26.6138
26.6251
26.631
26.6273
26.6377
26.6609
26.6764
26.6738
26.677
26.6778
26.6663
26.6737
26.6962
26.7148
26.7371
26.7429
26.7559
26.753
26.7693
26.7973
26.8232
26.8372
26.8311
26.8378
26.835
26.8338
26.824
26.8175
26.8142
26.805
26.801
26.789
26.7704
26.7507
26.7553
26.7572
26.7606
26.7506
26.7094
26.7044
26.6977
26.6809
26.6741
26.6781
26.6785
26.8177
26.7975
26.7892
26.7877
26.7847
26.7928
26.802
26.8067
26.7885
26.7727
26.7546
26.7372
26.7186
26.6956
26.7199
26.7146
26.7222
26.735
26.7476
26.759
26.757
26.7395
26.7339
26.7376
26.7299
26.7149
26.6989
26.6834
26.6652
26.6573
26.6449
26.6444
26.6287
26.6233
26.6083
26.5896
26.5794
26.5909
26.5952
26.5936
26.5951
26.6011
26.5912
26.5782
26.5748
26.5821
26.5934
26.6042
26.5997
26.5993
26.582
26.5781
26.5807
26.6109
26.6125
26.6053
26.6085
26.6198
26.6114
26.6058
26.6123
26.6032
26.5844
26.5664
26.5634
26.5579
26.5603
26.5479
26.5546
26.5719
26.5825
26.5977
26.6176
26.6446
26.6518
26.65
26.6444
26.6415
26.616
26.6006
26.5828
26.6073
26.6308
26.6266
26.6218
26.6391
26.65
26.6587
26.6619
26.6644
26.6769
26.679
26.6724
26.6767
26.6826
26.6927
26.6854
26.6838
26.6758
26.6681
26.4539
26.4458
26.4488
26.4641
26.4681
26.4508
26.4408
26.4451
26.4591
26.4615
26.4812
26.4824
26.472
26.4789
26.4767
26.4776
26.4667
26.4757
26.4491
26.4431
26.4387
26.4425
26.4663
26.4801
26.4731
26.4518
26.442
26.4395
26.4433
26.4424
26.446
26.441
26.4243
26.3777
26.3469
26.3421
26.309
26.2938
26.2952
26.2841
26.2955
26.289
26.2765
26.2647
26.2696
26.2609
26.2681
26.266
26.28
26.2669
26.2695
26.2562
26.2725
26.134
26.1218
26.1279
26.1425
26.1349
26.1366
26.1413
26.3378
26.3005
26.2677
26.2421
26.2436
26.244
26.2403
26.2177
26.2018
26.1886
26.1676
26.1616
26.1618
26.1456
26.1419
26.1344
26.1338
26.1165
26.1207
26.1081
26.1085
26.1026
26.0999
26.1061
26.1122
26.1251
26.1335
26.1385
26.1402
26.1372
26.1107
26.1058
26.0912
26.1025
26.1146
26.1134
26.1293
26.119
26.1332
26.1514
26.1641
26.16
26.1493
26.1592
26.1628
26.1646
24.9693
24.9447
24.9116
24.897
24.8656
24.8317
24.7929
24.8756
24.8203
24.7852
24.741
24.7103
24.6731
24.6324
24.6044
24.6033
24.5797
24.5621
24.5227
24.4991
24.4694
24.4543
24.4388
24.4147
24.3928
24.3682
24.3435
24.3173
24.3063
24.2917
24.2771
24.2563
24.2395
24.2298
24.2071
24.1971
24.1624
24.1275
24.0977
24.0736
24.0465
24.0236
23.9915
23.9562
23.9502
23.9299
23.6957
23.6794
23.6569
23.6379
23.6177
23.6003
23.564
23.5318
23.506
23.4923
23.4849
23.459
23.443
23.4316
24.4617
24.4706
24.4825
24.486
24.4982
24.526
24.5374
24.5511
24.5781
24.579
24.5829
24.5832
24.5833
24.5926
24.6082
24.6515
24.7129
24.7468
24.7924
24.8259
24.8702
24.9145
24.9515
24.9812
25.0108
25.0297
25.0641
25.0963
25.1072
25.1174
25.1251
25.1451
25.1759
25.201
25.2233
25.2407
25.2623
25.1727
25.1985
25.223
25.2478
25.2671
25.284
25.3227
25.3546
25.3803
25.6607
25.7011
25.736
25.7663
25.7821
25.8083
25.8323
25.8666
25.8869
25.9077
25.9198
25.9418
25.9498
25.9779
25.9999
26.0161
26.0285
26.0493
26.0652
26.0777
26.0939
26.1154
26.1435
26.1791
26.2232
26.2656
26.3012
26.3271
26.3425
26.323
26.3056
26.3105
26.2904
26.2811
26.2577
26.2327
26.2148
26.2062
26.2032
26.2174
26.2208
26.2131
26.2151
26.2309
26.145
26.151
26.1537
26.1586
26.1584
26.1678
26.1757
26.2903
26.2802
26.2733
26.268
26.2598
26.2649
26.2509
26.2394
26.2367
26.2415
26.2258
26.2126
26.195
26.2042
26.2092
26.2238
26.2128
26.2
26.1934
26.2022
26.2074
26.2071
26.1781
26.1557
26.1459
26.1338
26.1143
26.1028
26.1041
26.1077
26.0946
26.0901
26.0768
26.0648
26.0638
26.0744
26.0743
26.0765
26.0745
26.076
26.0561
26.0627
26.0664
26.0588
26.0725
25.7896
25.7658
25.735
25.6834
25.6459
25.6201
25.5855
25.541
25.597
25.5665
25.5362
25.5002
25.4819
25.4484
25.4474
25.4617
25.4764
25.4742
25.4713
25.4817
25.482
25.4731
25.4656
25.4605
25.4394
25.425
25.4218
25.4207
25.4113
25.3977
25.3931
25.3784
25.3841
25.3715
25.3575
25.3595
25.3651
25.3866
25.3927
25.3965
25.408
25.4241
25.4436
25.4523
25.4558
25.4547
25.4555
25.458
25.4537
25.4407
25.4259
25.2022
25.1676
25.1318
25.0891
25.0691
25.0383
25.0144
25.005
24.9753
25.2254
25.2312
25.2536
25.2925
25.3055
25.3271
25.3559
25.3878
25.4222
25.4437
25.4602
25.485
25.4999
25.5337
25.5285
25.5154
25.508
25.5066
25.4989
25.4816
25.4712
25.4761
25.4812
25.4699
25.4814
25.5035
25.5163
25.5328
25.5388
25.5412
25.5378
25.5531
25.5634
25.5763
25.5887
25.5946
25.5982
25.5959
25.6047
25.6064
25.588
25.5801
25.3312
25.293
25.2694
25.2717
25.2666
25.2637
25.2584
25.27
25.2789
25.5029
25.5253
25.5568
25.5985
25.611
25.6306
25.654
25.6632
25.6663
25.6723
25.695
25.7052
25.6923
25.7061
25.6774
25.6548
25.6329
25.6271
25.6246
25.6194
25.6177
25.6146
25.6098
25.6145
25.6183
25.6091
25.6152
25.6269
25.6385
25.6383
25.616
25.6246
25.6177
25.621
25.6142
25.6031
25.6026
25.5916
25.5962
25.5866
25.5985
25.5993
25.3389
25.2899
25.2276
25.1897
25.148
25.1213
25.1017
25.063
25.0224
25.2291
25.2249
25.208
25.1892
25.1906
25.1676
25.141
25.0983
25.0576
25.0236
24.9945
24.9676
24.9286
24.9159
24.895
24.8657
24.8422
24.8322
24.817
24.7833
24.748
24.7284
24.6985
24.6784
24.6706
24.6813
24.6632
24.6461
24.633
24.6113
24.5803
24.5318
24.5141
24.4971
24.4911
24.5002
24.4999
24.5117
24.5295
24.5637
24.5474
24.5772
24.5739
24.5691
24.5743
24.5634
24.5884
24.6032
24.6093
24.6026
24.6022
24.832
24.8802
24.9278
24.9298
24.9752
24.9969
24.9907
25.0511
25.1175
25.1407
25.1686
25.206
25.2202
25.2457
25.245
25.2829
25.3185
25.3681
25.3986
25.4479
25.4792
25.5389
25.5775
25.6003
25.6158
25.6514
25.6229
25.637
25.6661
25.7183
25.7704
25.8236
25.8868
25.9071
25.9252
25.9587
26.0011
26.0455
26.0662
26.1201
26.1864
25.9523
25.9526
25.944
25.9252
25.8944
25.8699
25.8115
25.7699
25.7456
25.7139
25.692
25.6837
25.6696
25.6457
25.6085
25.565
25.5504
25.5349
25.5039
25.4941
25.4692
25.4508
25.4411
25.4189
25.3576
25.3693
25.3577
25.3286
25.3177
25.3115
25.2807
25.2849
25.2436
25.2617
25.2547
25.244
25.2077
25.1665
25.1253
25.1115
25.0803
25.0549
25.0223
25.0027
24.9743
24.9954
24.9943
24.9985
24.9876
24.9495
24.943
24.9335
24.9499
24.9563
24.9552
24.9463
24.9129
24.9195
24.9182
24.9166
25.1524
25.1788
25.2102
25.2367
25.258
25.2841
25.3415
25.3695
25.4098
25.4148
25.4036
25.4192
25.4207
25.4295
25.4293
25.439
25.4681
25.4928
25.53
25.5691
25.5938
25.6275
25.6656
25.6793
25.7599
25.7839
25.8022
25.8226
25.8359
25.856
25.8919
25.9048
25.9478
25.9673
25.9841
26.003
26.0399
26.1063
26.1515
26.1695
26.1913
26.2089
26.2484
26.2915
26.3369
26.3828
26.4048
26.4179
26.4324
26.4633
26.4478
26.4537
26.4604
26.4693
26.4762
26.4771
26.5108
26.5208
26.5224
26.5205
26.5204
26.5238
26.5217
26.5035
26.5175
26.5054
26.5019
26.513
26.5205
26.5411
26.5909
26.5919
26.6033
26.6302
26.6721
26.7106
26.7212
26.7188
26.701
26.692
26.6877
26.6779
26.6845
26.6874
26.6806
26.6837
26.6783
26.654
26.6393
26.6198
26.609
26.6195
26.6175
26.6155
26.6109
26.6085
26.6059
26.5941
26.5933
26.6115
26.6203
26.6267
26.6174
26.6203
26.6187
26.6072
26.5977
26.598
26.6022
26.5938
26.5803
26.5799
26.5715
26.5527
26.5409
26.5323
26.5282
26.5337
26.529
26.5298
26.5408
26.5493
26.5592
26.5253
26.521
26.5234
26.5197
26.518
26.5126
26.5166
26.5152
26.528
26.5328
26.5385
26.5303
26.5201
26.5135
26.5193
26.5416
26.5525
26.5565
26.5692
26.5733
26.5683
26.5538
26.5457
26.5509
26.5672
26.5847
26.2326
26.2241
26.1892
26.1427
26.1126
26.0773
26.0422
26.0161
25.9948
25.9645
25.9285
25.8927
25.8631
25.8554
25.8335
25.8062
25.7934
25.7814
25.7471
25.6964
25.6754
25.6629
25.6305
25.6022
25.5808
25.5578
25.5368
25.5113
25.5063
25.5025
25.4981
25.4837
25.4723
25.4635
25.495
25.4956
25.4935
25.4923
25.5019
25.5044
25.5046
25.5088
25.5071
25.5096
25.5188
25.5227
25.5313
25.531
25.5225
25.5158
25.5101
25.148
25.1194
25.0916
25.0743
25.0495
25.0311
24.9998
24.9812
24.9527
25.2527
25.2401
25.2481
25.2573
25.2583
25.2622
25.2669
25.2741
25.2775
25.2911
25.3133
25.3557
25.3887
25.4162
25.4519
25.4855
25.5136
25.541
25.569
25.6062
25.6511
25.6904
25.7352
25.7633
25.7949
25.8341
25.8557
25.8825
25.8875
25.9007
25.9062
25.9153
25.9138
25.9149
25.9167
25.922
25.9345
25.9382
25.9226
25.9116
25.9095
25.9049
25.8928
25.6849
25.6433
25.6141
25.6006
25.5699
25.5365
25.5031
25.4749
25.8173
25.8183
25.8153
25.8099
25.824
25.8471
25.8904
25.9268
25.9702
25.9981
26.0315
26.0566
26.086
26.1233
26.1673
26.2157
26.2422
26.2649
26.2814
26.2929
26.2756
26.2846
26.2827
26.2671
26.2638
26.2505
26.2429
26.2328
