60
47.1446
49.8002
51.704
52.903
53.651
54.082
54.4173
54.523
54.6701
54.8623
54.8377
54.7373
54.8247
54.8429
54.7618
54.537
54.3908
54.3297
54.2568
54.1402
54.2344
54.2135
54.2469
54.3473
54.4012
54.4812
54.564
54.5765
54.551
54.5755
54.5432
54.5577
54.5234
54.3496
54.3458
54.3727
54.3873
54.3948
54.419
54.3967
54.411
54.4006
54.3785
54.3206
54.2598
54.2106
54.1932
54.1561
52.9515
52.9709
52.9768
52.9636
52.9758
52.9588
52.9967
53.0222
53.0359
53.0672
53.1092
52.9991
53.2953
53.2206
53.1428
53.0483
53.0028
52.9423
52.8675
52.8003
52.7595
52.7041
52.6657
52.6227
52.556
52.4835
52.4906
52.5446
52.5981
52.591
52.5305
52.551
52.4842
52.4509
51.0495
51.0183
50.9687
50.9407
50.8714
50.8394
50.8307
50.8038
50.7805
50.7341
50.7389
50.8095
50.7405
50.7375
50.7454
50.766
50.7701
50.8067
50.803
50.8089
50.8523
50.8498
50.8982
50.9461
50.9632
50.9567
51.8647
51.8761
51.906
51.9788
51.989
51.9565
51.9545
51.9549
51.983
51.9983
51.9873
52.0305
52.0973
52.1595
52.2053
52.2259
52.1888
52.238
52.2635
52.3024
52.2414
52.2332
52.2804
52.3268
52.2707
52.2929
52.272
52.221
52.1502
52.1533
52.155
52.1555
52.16
52.1573
53.5584
53.5239
53.5541
53.5306
53.5635
53.5527
53.5364
53.5324
53.5431
53.5904
53.5974
53.5903
53.6586
53.6221
53.5719
53.5371
53.4993
53.5199
53.5217
53.5166
53.4471
53.4636
53.4418
53.4069
53.3846
53.3984
53.3902
53.3422
53.326
53.275
53.2596
53.2861
53.2466
53.2483
53.104
53.0554
53.0293
53.001
52.9527
52.9626
52.9278
52.9546
52.9555
52.9492
52.9635
53.0008
53.0815
53.0755
53.0548
53.0247
53.1291
53.1967
53.2365
53.2971
53.3459
53.3429
53.4227
53.4306
53.4635
53.4936
53.5203
53.5585
53.5982
53.6507
53.6543
53.6871
53.7248
53.7903
53.8629
53.8989
53.9765
54.0525
54.1186
54.1893
54.2374
54.2334
54.3117
54.3107
54.3575
54.4338
54.5358
54.5806
54.6015
54.6451
54.6668
54.6898
54.7439
54.7874
54.7744
54.8136
54.8595
54.9687
55.0437
55.0262
55.1881
55.2284
55.2281
55.2486
55.3231
55.3105
55.3362
55.3597
55.4074
55.4374
55.4882
55.4722
55.5068
55.5708
55.6425
55.7538
55.7919
55.7654
55.7676
55.7838
55.8748
55.9798
56.0634
56.1958
56.3037
56.4441
56.6181
56.7563
56.8951
57.061
57.3002
57.5991
57.8476
58.1056
58.2675
58.5289
58.7828
59.0711
59.2664
59.5659
59.9723
60.4244
60.7801
61.1899
61.5302
61.8977
62.2949
62.7602
63.2325
63.7352
64.2618
64.8511
65.4446
65.9924
66.6293
67.2293
67.7953
68.3393
68.7779
69.4759
70.2116
70.9054
71.687
72.3604
73.0999
73.9264
74.7449
75.6682
76.6202
77.5419
78.4688
79.531
80.4851
81.5756
82.6223
83.6511
84.8155
86.039
87.2305
88.2792
89.4631
90.6312
91.8732
92.8899
94.1091
95.2114
96.3007
97.4174
98.4014
99.4388
100.219
100.897
101.695
102.572
103.592
104.516
105.199
106.021
106.989
107.736
107.998
108.387
108.763
109.31
109.8
110.311
110.77
111.228
111.777
112.062
112.64
113.061
113.434
113.981
114.393
114.855
115.275
115.603
116.304
116.432
116.517
116.686
116.962
117.108
117.151
117.224
117.518
117.285
117.189
116.811
116.671
116.417
116.628
116.432
116.283
116.094
116.113
116.255
116.387
116.671
116.664
116.603
116.633
116.638
116.437
116.343
116.54
116.561
116.803
116.709
117.08
117.277
117.629
117.46
117.724
117.514
117.722
117.581
117.8
117.785
117.931
117.999
118.338
118.097
118.253
118.099
118.249
118.256
118.143
118.309
118.294
118.27
118.293
118.139
118.035
117.905
118.064
118.114
118.274
118.464
118.389
118.441
118.103
118.387
118.232
118.188
117.942
118.139
118.081
118.442
118.356
118.597
118.387
118.432
118.071
118.128
117.484
117.173
117.143
117.113
116.789
116.45
116.22
116.133
116.294
116.44
116.313
116.272
116.112
115.84
115.451
115.533
115.421
115.385
115.134
115.273
115.118
115.028
114.846
114.81
114.714
114.661
114.506
114.663
114.517
114.833
114.691
114.896
115.027
115.148
114.911
114.874
114.685
114.922
114.913
114.989
114.788
114.931
114.783
114.944
114.965
115.153
115.433
115.605
115.854
116.092
116.176
116.23
116.347
116.326
116.39
116.266
116.301
116.472
116.845
116.939
117.385
117.679
117.606
117.82
117.983
118.513
118.297
118.645
118.607
118.813
118.754
118.932
118.995
119.498
119.732
119.734
119.626
119.654
119.776
119.851
119.899
119.894
119.976
120.211
120.605
120.927
121.115
121.201
121.607
121.627
121.882
121.508
121.492
121.181
121.322
121.389
121.576
121.572
121.805
121.609
121.82
121.524
121.745
121.543
121.695
121.456
121.652
121.375
121.553
121.25
121.402
121.245
121.37
121.31
121.417
121.42
121.589
121.457
121.488
121.467
121.613
121.421
121.567
121.38
121.569
121.184
121.343
120.992
121.089
120.926
121.115
120.865
120.956
120.695
120.863
120.677
120.775
120.763
120.867
120.682
120.831
120.864
121.013
120.835
120.934
120.757
120.811
120.692
120.699
120.513
120.528
120.723
120.949
121.099
121.294
120.918
120.736
120.58
120.551
120.602
120.625
120.459
120.2
120.157
120.173
120.236
120.128
120.267
120.248
120.265
120.154
119.677
119.558
119.467
119.497
119.464
119.398
119.297
119.316
119.283
118.994
119.17
119.101
119.274
119.191
119.568
119.891
120.227
120.296
120.177
120.071
120.072
120.135
120.174
120.013
119.727
119.66
119.592
119.607
119.748
119.735
119.695
119.689
119.745
119.739
119.647
119.613
119.558
119.583
119.474
119.469
119.337
119.231
119.297
119.306
119.542
119.648
119.693
119.663
119.505
119.206
119.199
119.249
119.272
118.969
119.08
118.702
118.685
118.584
118.752
118.763
119.271
119.21
119.364
119.2
119.215
118.838
118.836
118.451
118.37
118.631
118.574
118.585
118.587
118.427
118.1
118.049
118.084
117.897
118.133
117.945
118.208
117.926
118.137
118.12
118.534
118.457
118.731
118.483
118.546
118.383
118.681
118.546
118.65
118.473
118.731
118.561
118.629
118.194
118.47
118.256
118.519
118.426
118.527
118.231
118.142
117.829
117.95
117.607
117.798
117.927
118.423
118.447
118.648
118.667
118.757
119.011
119.183
119.029
119.146
119.002
119.139
119.148
119.228
119.269
119.488
119.556
119.621
120.013
120.275
120.196
120.234
120.228
120.15
120.269
120.549
120.528
120.318
119.961
119.834
120.004
120.031
120.19
120.08
119.822
119.672
119.29
119.007
119.168
118.962
119.108
119.034
119.217
119.283
119.143
118.97
119.213
119.292
119.422
119.473
119.312
119.222
119.256
119.274
119.162
119.406
119.68
119.722
119.965
120.045
119.926
119.854
119.754
119.805
119.926
119.77
119.671
119.658
119.832
119.836
120.032
119.98
119.912
119.876
119.876
119.823
119.836
119.76
119.656
119.582
119.619
119.675
119.434
119.268
119.445
119.525
119.609
119.659
119.904
120.04
120.036
119.925
119.903
119.884
119.811
119.802
120.386
120.655
120.407
120.551
120.372
120.264
119.89
119.774
119.885
119.898
119.676
119.56
119.746
119.609
119.922
119.991
119.996
119.771
120.025
119.911
119.812
119.495
119.551
119.126
119.193
118.695
118.712
118.173
118.11
118.147
118.39
117.897
117.825
117.783
117.798
117.786
118.025
118.097
118.312
118.109
118.267
118.202
118.362
118.326
118.342
118.079
118.41
118.268
118.113
117.761
117.719
117.831
118.112
117.708
117.647
117.64
117.773
117.86
118.218
118.328
118.334
118.156
118.496
118.333
118.397
112.815
112.817
112.891
113.033
113.201
113.225
113.404
113.27
113.177
112.757
112.672
112.426
112.681
112.671
112.893
112.969
113.257
113.242
113.73
113.765
114.307
114.491
115.068
115.245
115.357
115.276
115.775
115.836
115.862
115.813
115.858
115.819
115.741
115.676
115.766
115.718
115.77
115.544
115.613
115.268
115.401
115.306
115.717
115.598
115.651
115.433
115.494
115.388
115.822
115.931
116.078
116.159
116.199
116.369
116.341
116.426
116.546
116.632
116.759
116.963
122.876
123
122.62
122.723
122.607
122.811
122.724
123.054
123.248
123.881
124.159
124.599
124.628
124.434
124.408
124.475
124.519
124.537
124.585
124.709
124.572
124.606
124.556
124.616
124.695
124.959
124.867
125.029
124.781
124.965
124.882
124.907
124.792
124.921
124.975
125.232
125.293
125.551
125.341
125.918
125.416
125.264
124.735
124.81
124.768
124.892
124.727
124.624
124.542
124.369
124.274
124.194
123.594
123.431
123.396
123.313
123.462
123.316
123.082
123.015
122.946
123.216
123.449
123.287
123.2
123.09
123.124
123.103
122.765
122.452
121.767
121.498
121.054
121.259
121.248
121.307
121.391
121.555
121.432
121.59
121.593
121.768
121.686
121.821
121.722
121.76
121.947
121.965
121.928
121.431
121.588
121.687
121.929
121.838
122.048
121.984
122.248
122.181
122.488
122.319
122.948
122.945
123.209
123.007
123.151
123.049
122.894
122.846
122.929
123.052
122.953
122.845
123.538
123.61
123.891
123.909
123.896
124.058
124.327
124.111
124.045
123.902
124.083
124.259
124.182
124.292
124.109
124.026
124.094
124.082
124.248
124.39
124.656
124.887
124.816
124.938
124.517
124.265
123.991
123.745
123.306
123.08
122.712
122.579
122.243
122.074
121.86
121.918
122.067
122.506
122.165
122.098
121.865
121.776
121.333
121.36
121.086
121.247
121.197
121.286
121.083
121.193
121.068
121.23
120.932
121.03
121.309
121.574
120.984
120.895
120.844
120.663
120.458
120.302
120.09
119.923
119.892
119.759
119.865
120.055
120.198
120.036
119.918
119.841
119.728
119.602
119.867
119.914
120.021
120.051
120.021
120.025
119.918
119.928
120.001
119.996
120.142
120.391
120.545
120.79
121.214
121.398
121.722
121.821
122.146
122.292
122.325
122.288
122.432
121.735
122.063
122.043
122.367
122.43
122.919
122.895
123.287
123.22
123.349
123.358
123.65
123.957
124.153
124.51
124.938
125.125
125.047
125.116
125.646
125.843
125.97
126.168
125.971
126.285
126.317
126.417
125.986
125.837
125.694
125.676
125.665
125.997
125.969
125.955
126.257
126.454
126.442
126.279
126.509
126.619
127.051
127.057
127.163
126.643
126.258
125.668
125.655
125.084
125.114
125.108
125.282
125.105
125.238
124.876
124.814
124.501
124.657
124.444
124.533
125.129
125.167
125.091
125.05
125.118
125.007
125.004
124.85
124.979
124.622
124.492
123.944
123.402
123.576
123.421
123.327
123.44
123.348
123.265
123.197
123.142
122.794
122.711
122.924
122.926
122.932
123.166
123.48
123.768
123.78
123.893
124.129
124.099
124.123
124.252
124.458
124.257
124.262
124.344
124.204
124.001
124
123.964
124.13
124.358
124.736
125.159
125.337
125.653
125.522
124.919
124.516
124.025
123.801
123.681
123.61
123.676
123.456
123.234
122.923
123.077
122.768
122.891
122.632
122.49
122.528
122.686
122.718
122.556
122.816
122.835
123.279
123.458
123.138
122.892
123.078
122.75
122.972
122.723
122.567
122.265
122.592
122.296
122.238
122.012
122.088
121.751
121.743
121.517
121.666
121.408
121.569
121.335
121.51
121.224
121.049
120.85
120.688
120.628
120.763
120.953
121.041
121.157
121
120.898
120.728
120.526
120.696
120.973
120.969
121.397
121.541
122.197
122.239
122.563
122.321
122.458
122.518
123.001
123.116
123.214
123.362
123.462
123.552
123.854
123.717
123.785
123.871
123.936
123.986
124.032
124.064
124.183
124.586
124.826
124.949
125.125
125.146
125.506
125.746
126.252
126.048
126.683
126.818
127.131
127.077
127.466
127.482
127.701
127.367
127.629
127.6
127.937
127.829
127.948
128.013
128.225
128.462
128.512
128.558
128.42
128.054
127.772
120.628
120.865
120.855
121.239
120.918
120.899
121.024
121.168
121.101
120.773
120.285
120.463
120.819
120.944
120.918
120.928
120.985
120.965
121.119
120.977
121.123
120.916
120.883
120.478
119.442
119.456
119.468
119.289
119.175
119.193
119.065
118.909
118.859
118.75
118.769
118.546
118.66
118.436
118.769
118.57
118.675
118.523
118.567
118.433
118.615
118.673
118.884
118.861
118.698
118.702
118.686
118.892
118.795
118.996
118.941
119.081
119.094
119.067
119.335
119.364
126.532
126.197
126.343
126.101
126.329
126.095
126.327
126.138
126.5
126.758
127.371
126.986
127.189
127.07
126.994
126.859
126.63
126.459
126.625
126.9
126.777
127.221
127.601
128.255
129.59
129.477
129.359
129.134
128.945
128.499
128.414
128.274
128.059
127.903
127.719
127.818
127.613
127.376
127.16
127.03
126.972
126.938
126.827
126.418
126.116
125.764
125.48
125.371
125.346
125.104
124.92
124.593
124.559
124.324
124.199
123.936
123.663
124.003
123.99
123.902
123.703
123.689
123.559
123.529
123.377
123.303
123.252
123.06
122.967
122.643
122.905
123.064
122.968
122.955
122.908
122.712
123.163
123.126
123.088
122.847
122.822
122.746
122.557
122.549
122.452
122.647
122.614
123.176
123.386
123.959
124.167
124.567
124.715
124.775
124.945
124.959
125.172
125.509
125.749
125.907
125.954
125.97
126.187
126.703
126.508
126.585
126.514
126.619
126.759
126.94
126.991
127.183
127.271
127.364
127.395
127.404
127.426
127.458
127.328
127.599
127.311
127.399
126.944
126.963
126.584
126.696
126.466
126.796
126.515
126.955
126.563
126.796
126.498
126.386
126.321
126.221
125.5
125.323
124.752
124.635
124.389
124.2
124.167
123.771
123.112
122.95
122.582
122.394
122.485
122.474
122.003
122.035
121.844
122.159
122.024
122.182
122.014
122.128
121.935
122.045
121.916
122.042
121.955
121.712
122.152
122.229
122.625
122.421
122.264
121.951
122.197
122.126
122.262
122.178
122.162
121.88
121.965
121.761
121.979
121.943
122.408
122.591
123.23
123.085
123.31
123.27
123.456
116.109
116.208
116.201
116.259
116.228
116.263
116.149
116.071
116.158
116.328
116.672
116.912
117.113
117.353
117.385
117.332
117.536
118.021
118.094
118.538
118.286
118.195
117.877
118.124
117.978
118.11
117.521
117.561
117.389
117.543
117.294
117.051
116.619
116.459
116.222
116.194
116.052
116.028
116.155
116.006
115.78
115.729
115.848
115.809
115.653
115.557
115.499
115.633
115.911
116.003
115.916
115.889
115.87
115.864
115.861
115.78
115.992
116.218
116.333
116.399
123.815
123.712
123.728
123.787
123.789
123.895
124.144
124.411
124.677
124.834
124.782
124.782
124.588
124.402
124.268
124.201
124.171
124.028
123.936
123.663
123.861
123.937
124.188
124.372
124.284
124.335
124.769
124.877
124.77
124.576
124.357
124.388
124.358
124.405
124.212
124.035
124.196
124.196
123.907
124.015
124.408
124.671
124.697
124.634
124.793
124.845
124.935
124.816
124.725
124.809
124.977
125.015
125.175
124.813
124.662
124.59
124.653
124.594
124.595
124.174
124.177
124.085
123.876
123.687
123.657
123.505
123.517
123.369
123.327
123.128
122.876
122.583
122.641
122.538
122.634
122.53
122.405
122.466
122.507
122.594
122.709
122.332
122.193
121.755
121.817
121.469
121.451
121.056
120.998
121.122
121.544
121.689
122.021
121.772
122.14
122.159
122.035
121.573
121.545
121.186
120.966
121.005
121.122
121.139
121.325
121.069
121.228
120.932
121.242
120.864
120.986
120.742
120.79
120.823
120.902
120.841
120.875
120.615
120.475
120.502
120.185
120.123
120.091
120.232
120.136
120.22
120.2
120.33
120.317
120.583
120.762
121.051
121.016
120.897
120.732
120.564
120.567
120.464
120.529
120.528
120.588
120.779
120.793
120.673
120.632
120.525
120.542
120.382
120.461
120.174
120.059
119.967
119.898
120.058
119.85
119.901
119.961
120.297
120.583
120.762
120.921
120.418
120.291
119.944
119.739
119.773
119.564
119.689
119.492
119.692
119.711
119.87
119.927
120.135
120.397
120.436
120.5
120.671
120.891
121.125
121.478
121.969
122.087
122.257
122.19
122.42
122.282
122.471
122.361
122.494
122.411
122.554
122.585
123.132
123.345
123.838
123.765
123.874
123.907
123.883
123.914
123.96
123.908
124.307
124.491
124.689
124.607
124.745
124.959
125.09
125.094
124.677
124.454
124.415
124.451
123.865
124.144
124.137
124.162
124.306
124.462
124.531
124.372
124.33
124.331
124.31
124.49
124.789
124.816
124.375
124.24
124.168
124.139
124.081
124.018
123.992
123.941
123.886
123.864
123.803
123.784
123.58
123.674
123.608
123.537
123.293
123.368
123.362
123.427
123.37
123.331
123.333
123.3
123.291
123.144
123.029
123.109
123.284
123.286
123.536
123.62
123.446
123.739
123.768
123.818
124.019
124.346
124.489
124.48
124.443
124.592
125.038
125.171
124.901
124.827
125.027
124.819
124.602
124.293
124.26
124.193
124.427
124.764
125.06
125.031
125.031
124.81
124.229
124.07
124.173
124.062
123.928
123.868
123.682
123.512
123.142
122.81
122.955
122.96
123.013
122.96
122.818
122.654
122.306
122.477
122.459
122.328
122.025
122.077
121.935
121.971
121.821
121.815
121.487
121.565
121.281
121.027
120.36
120.089
119.735
119.65
119.89
119.85
119.75
119.596
119.403
119.281
119.251
119.266
119.299
119.195
118.953
118.892
119.143
119.413
119.8
119.874
119.967
120.193
120.114
120.062
120.067
120.052
119.999
120.139
120.197
120.105
119.308
119.168
119.568
119.546
119.757
119.741
119.879
120.032
120.081
120.132
120.173
120.175
120.153
120.099
120.151
120.31
120.47
120.328
120.161
120.246
120.068
120.066
119.864
119.778
119.591
119.621
119.662
119.479
119.345
119.41
119.865
120.011
120.025
119.8
119.735
119.576
119.515
119.406
119.488
119.416
119.502
119.432
119.457
119.564
119.808
120.085
120.142
120.157
120.113
120.203
120.273
120.245
120.188
120.265
119.883
119.919
119.81
119.607
119.31
119.427
120.09
120.357
120.199
120.14
119.942
119.772
119.813
119.874
120.359
120.478
120.056
119.937
119.893
119.914
119.813
119.698
119.651
119.778
120.038
114.863
115.29
115.252
115.627
115.896
116.137
116.233
116.301
116.516
116.837
117.107
117.144
117.086
117.248
117.501
117.548
117.726
118.078
118.327
118.557
118.532
118.696
118.536
118.689
118.488
118.708
118.227
118.502
118.314
118.546
118.401
118.563
118.463
118.78
118.731
119.232
119.236
119.407
119.431
119.86
120.027
120.378
120.517
120.421
120.426
120.267
120.288
120.118
120.111
119.935
119.958
119.852
119.852
119.665
119.766
119.799
119.956
120.008
120.14
120.086
125.996
125.568
125.62
125.265
124.955
124.845
124.889
124.912
124.905
124.901
124.832
124.967
125.063
125.239
124.86
124.874
124.418
124.365
124.088
124.163
123.803
123.688
123.638
123.551
123.642
123.651
124.164
124.14
124.216
124.214
124.273
124.296
124.221
124.115
124.102
124.2
124.226
124.235
124.417
124.39
124.443
124.534
124.619
124.734
124.938
125.222
125.376
125.597
125.406
125.204
125.34
125.836
125.963
126.375
126.329
126.616
126.114
126.248
126.052
126.32
125.924
126.327
126.144
126.34
126.323
126.415
126.167
126.373
126.289
126.48
126.387
126.327
126.418
126.193
126.545
126.366
126.584
126.231
126.408
126.093
126.685
126.687
127.001
126.719
126.674
126.6
126.793
126.564
126.125
125.904
126.009
125.792
125.794
125.279
125.167
124.681
124.588
124.499
124.632
124.586
124.581
124.524
124.225
123.677
123.677
123.66
123.782
123.724
123.918
124.116
124.1
123.997
124.062
123.831
123.777
123.541
123.859
123.917
123.98
123.907
123.987
123.822
123.804
123.859
123.945
124.018
123.988
123.877
123.638
123.443
123.411
123.368
123.215
123.386
123.226
123.493
123.541
123.753
123.857
123.967
123.869
123.888
123.831
123.552
123.701
123.555
123.284
123.279
123.801
123.637
123.586
123.349
123.448
123.782
123.901
123.913
123.809
123.96
123.674
123.299
123.086
122.997
123.072
123.595
123.602
123.36
123.154
123.235
123.085
123.19
123.117
123.065
122.909
122.746
122.718
122.684
122.631
122.079
121.879
121.699
121.892
121.553
121.542
121.119
120.967
120.807
120.61
114.356
114.444
114.284
114.423
114.328
114.454
114.286
114.427
114.268
114.403
114.428
114.359
114.472
114.308
114.424
114.212
114.726
114.156
114.339
114.254
114.429
114.068
114.298
114.149
114.386
114.091
114.221
114.118
114.377
114.259
114.151
114.092
114.541
114.378
114.705
114.548
114.719
114.458
114.764
114.509
114.574
114.414
114.416
114.237
114.355
114.19
114.391
114.269
114.491
114.453
114.924
114.94
115.013
114.827
115.123
115.091
115.449
115.605
115.581
115.806
122.277
122.255
122.53
122.357
122.437
122.221
122.269
121.972
121.96
122.025
122.203
122.362
122.242
122.525
122.528
122.998
122.85
123.581
123.636
123.949
124.168
124.657
124.859
125.143
125.44
125.92
126.067
126.197
126.383
126.756
126.932
127.375
127.432
127.99
127.983
128.474
128.621
129.005
129.181
129.633
129.804
130.179
130.411
130.744
130.633
131.083
131.265
131.69
131.72
132.082
132.262
132.536
132.826
132.973
133.256
133.626
133.92
134.13
134.403
134.718
134.666
134.968
134.928
135.004
135.006
135.233
135.423
135.742
135.959
135.98
135.937
135.897
136.054
135.993
136.07
135.825
136.027
136.003
136.009
136.141
136
136.087
135.818
135.925
135.64
135.524
135.231
135.352
135.022
134.957
135.105
134.963
135.042
134.782
134.87
134.625
134.522
134.481
134.395
134.572
134.368
134.295
134.036
133.99
134.088
133.815
133.55
133.06
132.795
132.421
131.797
131.734
131.364
131.53
131.252
131.317
131.036
130.77
130.423
130.318
130.069
129.942
129.928
130.149
130.288
130.243
130.228
130.244
130.263
130.134
129.94
129.496
129.318
129.108
128.959
128.525
128.214
128.036
128.028
127.874
127.862
127.817
127.771
127.519
127.55
127.729
127.82
127.886
128.017
128.116
127.995
128.07
128.003
128.154
128.158
128.217
128.22
128.242
128.096
127.951
128.001
127.934
127.835
127.565
127.335
126.907
126.799
126.423
126.175
125.76
125.775
125.248
125.228
124.951
124.886
124.679
124.494
124.609
124.635
124.378
124.305
124.211
124.039
123.8
123.515
123.453
123.236
122.991
122.701
122.551
122.374
122.569
122.462
122.572
122.328
122.624
122.69
122.708
122.268
121.721
121.055
120.836
120.502
120.292
119.974
119.718
119.464
119.314
119.125
118.914
118.585
118.314
117.687
117.217
117.045
116.827
116.579
116.366
116.328
116.123
115.592
114.891
114.898
114.832
114.991
114.99
114.93
114.931
114.962
115.392
115.542
115.838
115.794
115.874
115.834
115.777
115.733
115.675
115.674
115.759
115.822
115.835
115.84
115.864
115.831
115.805
115.697
115.784
115.685
115.688
115.613
115.612
115.529
115.488
115.459
115.441
115.399
115.368
115.44
115.82
116.095
116.112
116.25
116.417
116.455
116.517
116.564
116.53
116.464
116.446
116.453
116.495
116.76
117.105
116.914
116.882
116.602
116.579
116.44
116.162
116.576
117.008
116.976
116.97
116.877
116.943
117.041
117.308
117.401
116.915
116.675
116.277
115.941
115.576
115.304
115.289
115.257
115.261
115.033
115.025
114.976
115.049
114.984
115.021
114.855
114.886
114.715
114.733
114.99
115.115
115.313
115.356
115.218
115.209
115.207
115.052
115.213
115.241
115.324
115.351
115.293
115.223
115.31
115.249
115.371
115.292
115.372
115.235
115.413
115.36
115.501
115.417
115.588
115.476
115.724
115.933
116.347
116.528
116.509
116.873
116.648
116.865
116.824
116.91
116.784
117.057
116.763
116.7
116.592
116.794
117.103
117.397
117.902
118.038
118.228
117.856
117.936
117.851
118.268
118.055
118.048
117.949
118.266
118.148
118.562
118.468
118.924
118.914
118.937
118.799
118.852
118.493
118.601
118.339
118.561
118.682
118.712
118.584
118.786
118.641
118.99
118.978
118.976
118.59
118.493
118.46
118.55
118.638
118.772
118.825
118.986
118.834
118.854
118.71
118.5
118.189
118.19
118.025
118.086
117.9
118.22
118.166
118.327
118.36
118.641
118.56
119.075
119.205
119.606
119.791
119.881
119.99
119.933
119.947
120.287
120.636
120.876
120.935
120.975
121.196
121.514
121.567
121.568
121.728
121.678
121.885
121.59
114.857
114.432
114.272
113.858
114.032
113.855
114.076
113.906
114.078
113.948
114.125
113.943
114.145
113.986
114.181
114.203
114.785
114.887
115
114.94
115.088
114.926
115.028
114.896
115.24
115.196
115.405
115.556
115.94
116.041
116.008
116.193
116.311
116.343
116.29
116.321
116.326
116.341
116.35
116.385
116.432
116.415
116.304
116.188
116.252
116.381
116.577
116.624
116.732
116.755
116.947
116.904
116.933
116.699
116.776
116.653
116.706
116.659
116.675
116.865
124.049
124.273
124.34
124.562
124.881
125.186
125.288
125.459
125.461
125.581
125.659
125.918
125.988
126.123
125.622
125.642
125.288
125.174
124.989
124.975
124.9
125.11
124.872
125.117
124.883
125.081
125.076
125.208
125.01
124.997
125.189
125.245
125.169
125.089
125.211
124.996
124.994
125.007
125.094
125.039
125.309
124.953
125.178
124.873
124.746
124.532
124.589
124.282
124.413
124.373
124.231
123.81
123.786
123.733
123.617
123.609
123.527
123.684
123.651
123.453
123.194
123.383
123.674
123.834
123.736
123.895
123.964
123.975
124.073
124.081
124.119
124.183
124.227
124.37
124.595
124.766
124.935
125.246
125.48
125.667
125.655
125.492
125.657
125.516
125.648
125.656
125.427
125.411
125.564
125.385
125.469
125.334
125.608
125.551
125.681
125.765
125.973
125.906
125.916
125.543
125.498
125.797
125.938
126.368
126.502
126.505
126.613
126.877
126.472
126.313
126.085
126.523
126.578
126.684
126.397
126.412
126.245
126.033
125.976
126.177
125.941
125.941
125.644
125.892
125.772
125.915
125.727
125.853
125.434
125.255
124.621
124.344
123.891
123.834
123.861
123.876
123.797
123.779
123.695
123.626
123.216
123.291
123.07
123.008
122.979
123.015
123.222
123.326
123.26
123.349
122.953
122.8
122.372
122.157
121.909
122.069
121.95
122.012
122.022
122.437
122.349
122.33
122.116
122.168
122.349
122.315
122.342
122.001
122.117
122.109
122.275
121.9
121.896
121.87
122.051
121.974
122.159
122.323
122.409
122.351
122.791
122.737
123.116
122.843
122.899
122.778
122.754
122.64
122.67
122.559
122.945
122.674
122.736
122.192
122.26
122.104
122.28
122.137
122.342
122.168
122.656
122.571
122.879
122.875
123.047
122.707
122.565
121.993
121.802
121.45
121.69
121.711
122.03
122.111
122.082
121.501
121.457
121.206
121.331
121.174
121.301
121.119
121.048
120.531
120.24
120.025
119.822
120.069
120.335
120.329
120.451
120.482
120.358
120.423
120.553
120.471
120.437
119.87
119.704
119.706
119.722
119.734
119.636
119.674
119.784
119.594
119.642
119.615
119.811
120.02
120.12
120.387
120.711
121.051
121.277
121.453
121.416
121.593
121.484
121.587
121.34
121.293
121.169
121.342
121.195
121.507
121.706
122.2
122.427
122.886
123.165
123.429
123.614
123.722
124.071
124.493
124.717
124.879
124.791
124.811
124.679
124.928
125.246
125.898
126.11
126.678
126.722
126.844
126.459
126.39
126.25
126.66
126.795
126.952
126.794
126.947
126.863
127.493
127.53
127.57
127.381
127.606
127.548
127.688
127.755
127.82
127.985
128.013
128.17
128.125
128.215
128.194
128.088
127.776
127.502
127.277
127.263
127.055
127.157
127.15
127.485
127.669
127.913
127.901
127.766
127.748
127.658
127.684
127.55
127.576
127.369
127.45
127.312
127.572
127.523
127.695
127.746
127.772
127.893
127.889
128.055
128.015
128.118
127.922
128.049
127.719
127.897
127.864
128.196
128.424
128.443
128.387
128.346
128.246
128.074
127.97
127.808
127.687
127.206
127.113
126.867
126.695
126.299
126.168
125.914
125.95
125.857
126.005
125.584
125.804
125.596
125.704
125.424
125.793
125.848
125.957
125.764
125.93
125.616
125.484
124.855
124.745
124.476
124.426
124.366
124.21
124.178
124.025
123.632
123.477
123.23
122.919
122.868
122.781
122.593
122.614
122.375
122.486
122.23
122.345
122.104
122.21
121.935
122.038
121.831
121.821
121.684
121.671
121.538
121.398
121.416
121.266
121.518
121.49
121.644
121.45
121.61
121.337
121.775
121.967
122.24
122.227
122.624
122.451
122.544
122.366
122.358
122.12
122.24
121.979
122.078
121.828
115.173
114.921
114.869
114.78
114.861
114.458
114.417
114.155
114.452
114.111
114.128
114.039
114.312
113.93
114.1
113.874
114.274
114.146
114.594
114.839
114.93
114.652
114.826
114.611
114.654
114.416
114.596
114.389
114.619
114.723
114.882
115.026
115.213
115.58
115.736
115.959
116.025
116.315
116.409
116.342
116.297
116.157
116.371
116.564
116.656
116.857
117.005
116.865
116.737
116.394
116.18
116.043
115.884
115.786
115.573
115.685
115.458
115.497
115.301
115.62
122.52
122.908
122.744
122.618
122.522
122.938
123.151
123.677
123.892
124.162
124.306
124.291
124.275
124.555
124.494
124.654
124.807
124.685
124.32
124.076
124.118
124.26
124.282
124.288
124.384
124.479
124.433
124.524
124.438
124.207
124.164
123.761
123.478
123.274
122.943
122.607
122.397
122.047
121.731
121.998
121.756
121.991
121.63
121.66
121.296
121.172
120.955
120.558
120.574
120.911
121.191
121.498
121.783
122.093
122.321
121.854
122.256
121.97
122.136
122.023
121.953
121.659
121.776
121.802
121.987
121.878
121.735
121.459
121.48
121.625
121.627
121.72
121.617
121.94
121.745
121.934
121.665
121.983
121.785
121.712
121.455
121.506
120.879
120.854
120.686
120.728
120.57
120.606
120.119
119.895
119.44
119.415
119.516
119.383
119.605
119.624
119.887
120.049
120.316
120.367
120.299
120.355
120.562
120.716
120.941
121.381
121.596
122.309
122.605
122.791
122.752
122.53
122.394
122.059
121.946
122.357
122.314
122.549
122.597
122.448
122.615
122.337
122.483
122.517
122.37
122.304
122.169
122.389
122.141
122.242
121.937
121.817
121.548
121.272
121.173
121.061
121.065
121.069
121.326
121.437
121.512
121.575
122.169
122.201
122.123
121.65
121.597
121.587
121.936
122.089
122.39
122.456
122.203
122.254
122.285
122.247
122.199
122.069
122.035
121.718
121.831
121.677
121.767
121.354
121.222
120.892
120.864
120.598
120.529
120.313
120.292
120.344
120.278
120.361
120.22
119.861
119.748
119.872
119.917
119.84
119.864
113.539
113.439
113.326
113.159
112.794
112.955
112.925
113.046
112.706
112.83
112.41
112.285
112.345
112.473
112.445
112.449
112.303
111.936
111.771
111.426
111.227
110.76
110.723
110.514
110.669
110.75
110.455
110.414
110.462
110.628
110.699
111.005
111.117
111.034
111.019
110.616
110.53
110.441
110.45
110.551
110.559
110.464
110.618
110.797
111.006
110.629
110.576
110.341
110.285
110.273
110.587
110.425
110.73
110.743
110.936
110.851
110.71
110.561
110.514
110.322
116.362
116.227
116.12
116.383
116.721
116.585
116.192
116.06
115.977
115.929
116.507
116.906
116.845
116.956
116.282
116.236
116.484
117.072
117.24
117.811
117.798
118.268
117.908
118.199
118.142
117.907
118.267
118.11
118.039
117.919
117.889
117.516
117.164
116.883
116.807
117.023
117.265
117.333
117.638
117.529
117.612
117.702
117.889
117.85
117.836
118.307
118.399
118.664
118.786
118.868
118.642
119.005
118.899
119.202
119.311
119.619
119.759
120.015
120.428
120.465
120.968
121.058
121.418
121.164
121.427
121.407
121.891
122.056
122.523
122.581
122.55
122.319
122.608
122.497
123.383
123.429
123.228
122.89
122.992
122.742
122.985
122.558
123.244
123.244
123.812
124.174
124.325
124.676
124.676
124.838
124.385
124.819
125.401
126.044
126.428
126.985
127.169
127.071
127.235
127.58
127.849
128.088
128.397
128.696
128.863
129.05
129.284
129.541
129.843
130.035
130.513
130.489
130.947
131.151
131.496
131.756
132.119
132.31
132.484
133.077
133.344
133.927
134.382
135.021
135.327
136.096
136.427
136.788
137.01
137.519
137.855
138.558
138.814
139.249
139.532
140.089
140.524
141.201
141.48
142.031
142.501
143.48
143.502
143.601
143.473
143.731
144.001
144.335
144.57
144.799
145.785
146.113
146.074
146.104
146.281
146.19
146.244
146.747
146.794
146.914
146.785
146.905
146.842
147.018
146.966
146.522
146.743
146.55
146.692
146.679
146.672
146.968
146.791
146.897
146.899
146.806
146.847
146.721
146.741
146.519
146.519
146.511
146.173
146.29
145.995
145.85
145.808
145.702
145.838
145.639
145.66
145.503
145.417
145.552
145.093
145.16
145.017
144.916
144.914
144.934
144.911
144.563
144.788
145.17
145.458
145.536
145.317
145.214
145.441
145.53
145.687
145.34
145.419
145.316
145.352
145.406
145.482
145.623
145.472
145.397
145.527
145.558
145.668
145.487
145.646
146.011
145.91
146.059
145.783
145.839
144.346
144.267
144.255
144.18
144.282
144.411
144.367
144.443
144.526
144.02
144.074
144.026
144.152
144.218
144.378
144.521
144.691
144.72
144.709
144.759
144.729
144.701
144.703
144.718
145.093
145.141
145.392
145.444
145.583
145.455
145.454
145.849
145.743
145.844
145.689
145.683
145.849
145.907
146.164
145.99
146.046
146.321
146.402
146.502
146.419
146.405
146.466
146.245
146.255
146.092
146.098
146.014
146.031
146.156
145.829
145.859
145.823
145.876
146.253
145.73
147.193
147.052
147.26
147.235
147.288
146.994
146.74
146.695
146.575
147.21
147.197
147.111
147.285
147.108
147.233
147.091
147.105
147.241
147.017
147.265
147.149
147.341
147.295
147.082
147.277
146.752
146.655
146.666
146.319
146.208
146.053
145.884
145.916
145.869
146.032
145.992
145.769
145.297
144.828
144.718
144.596
144.55
144.238
144.255
144.154
144.182
144.15
143.867
143.926
143.761
143.783
143.406
142.787
142.27
142.013
141.785
141.69
141.691
141.544
141.994
141.935
142.174
142.151
142.263
142.25
142.387
142.689
142.65
142.77
142.766
142.499
142.688
142.559
142.691
142.301
142.213
142.022
141.718
141.933
141.879
142.019
142.036
142.025
142.168
141.734
141.96
141.746
141.227
141.277
141.071
140.959
140.648
140.49
140.161
139.972
139.73
139.47
139.456
139.147
139.169
138.925
138.833
138.584
138.446
138.158
138.075
137.694
138.005
137.926
138.035
137.906
137.755
137.688
137.269
137.411
137.253
137.267
136.82
136.688
136.335
136.278
135.972
135.823
135.711
135.21
135.085
134.732
134.612
134.154
133.951
133.731
133.494
133.27
133.063
133.123
133.001
132.819
132.625
132.316
131.817
131.616
131.193
130.952
130.243
130.18
129.956
129.726
129.512
129.041
128.697
128.477
128.426
128.285
127.945
127.956
127.87
128.154
128.246
128.431
128.128
127.933
127.733
127.886
127.791
127.857
127.844
127.707
127.668
127.359
127.214
126.442
126.251
126.077
126.49
126.432
126.595
126.349
126.564
126.3
126.215
125.994
126.107
125.707
117.506
117.562
117.395
117.384
117.015
116.983
116.83
116.934
116.689
116.565
116.137
116.146
115.994
115.942
115.892
115.964
115.99
115.777
115.458
115.344
115.31
115.216
115.242
115.387
115.529
115.574
115.537
115.497
115.177
115.16
115.432
115.277
114.708
114.484
114.434
114.364
114.455
114.514
114.257
114.091
113.977
113.926
113.515
113.523
113.178
113.237
113.273
113.903
114.099
114.22
113.939
113.836
113.625
113.445
113.199
113.149
113.301
113.4
113.073
113.159
120.373
120.309
120.011
120.155
120.266
120.295
120.03
119.883
119.849
120.034
120.356
120.341
120.368
120.365
120.224
120.239
120.245
120.332
120.331
120.432
120.649
120.852
120.721
120.553
120.652
121.005
121.326
121.521
121.942
121.962
121.887
121.619
122.251
122.22
122.226
122.35
122.382
121.962
122.216
122.159
122.343
122.196
122.638
122.678
123.12
123.036
123.169
122.967
123.257
123.488
123.994
123.936
123.939
124.421
124.547
124.8
124.621
124.7
124.591
124.548
124.526
124.243
124.305
124.087
123.967
123.98
124.024
123.979
124.052
123.937
123.575
123.286
123.313
123.351
123.368
123.211
123.009
123.159
123.353
123.577
123.709
123.682
123.805
123.912
123.486
123.144
122.835
122.389
122.097
122.063
122.063
122.417
122.439
122.69
122.715
122.868
122.866
123.494
123.562
123.898
123.928
124.11
124.16
124.184
124.009
123.765
123.467
123.073
122.76
122.521
122.496
122.595
122.829
122.445
122.203
121.839
122.05
121.87
122.159
121.938
121.898
121.868
122.17
122.122
122.457
122.472
122.915
123.01
123.226
123.189
123.476
123.681
123.878
123.831
124.237
124.455
124.733
124.741
124.956
124.896
124.854
124.933
124.959
125.038
125.636
126
126.525
126.884
127.241
127.242
127.453
127.346
127.244
127.039
127.1
126.89
126.861
126.729
126.815
126.768
126.268
126.247
125.906
126.05
125.914
126.482
126.49
126.905
126.58
126.589
126.117
126.085
125.766
125.968
126.157
126.448
125.921
125.845
125.592
125.868
125.77
126.085
126.033
126.137
125.747
119.819
119.599
119.508
119.432
119.141
119.027
118.723
118.544
118.229
118.01
117.72
117.496
117.222
117.144
116.95
117.106
116.831
116.838
116.425
116.326
116.197
115.835
115.522
115.443
115.448
115.464
115.383
115.613
115.587
115.664
115.664
115.82
115.632
115.402
114.824
115.224
115.086
115.235
115.179
115.453
115.352
115.616
115.776
116.109
116.26
116.128
116.294
116.448
116.607
116.712
116.897
117.247
117.379
117.503
117.789
118.288
118.563
118.795
118.845
119.281
125.174
125.399
125.552
125.594
126.149
126.455
126.975
126.859
126.995
126.726
127
127.222
127.308
127.063
127.242
126.797
126.941
126.737
127.085
126.587
126.4
126.243
126.564
126.422
126.369
126.011
126.198
125.635
125.756
125.655
125.585
125.27
125.498
125.314
125.765
125.285
125.399
124.857
124.837
124.618
124.651
124.266
124.199
124.154
124.183
124.279
123.943
123.76
123.694
123.418
123.184
122.955
122.941
123.032
122.79
122.485
122.369
122.059
122.136
122.018
122.126
121.981
122.105
122.071
121.88
121.944
121.689
121.944
122.002
122.427
122.171
122.297
122.182
122.302
121.81
122.015
121.937
122.251
122.129
122.666
122.766
123.28
123.162
123.256
123.012
123.084
122.752
123.013
122.756
122.824
122.863
123.12
123.051
123.55
123.714
124.168
124.364
124.818
124.934
124.957
124.983
125.148
125.183
125.32
125.467
125.979
126.141
126.351
126.057
126.245
126.251
126.649
126.341
126.412
126.393
126.683
126.586
126.857
126.725
126.887
126.805
127.013
127.013
126.854
127.062
126.86
127.14
127.012
127.312
126.991
127.104
127.044
127.42
127.813
128.308
128.554
128.402
128.258
128.318
128.303
128.311
128.244
128.271
128.369
128.363
128.502
128.686
128.944
129.158
129.192
129.351
129.268
129.436
128.973
128.938
128.647
128.471
128.499
128.517
128.389
128.418
128.44
128.487
128.345
128.344
128.214
128.549
128.556
128.877
129.04
129.032
128.843
128.723
128.49
128.127
127.828
127.639
127.359
127.17
127.131
127.057
126.851
126.264
126.222
125.662
125.634
125.233
125.198
117.708
117.81
117.426
117.138
116.836
116.524
116.144
115.809
115.802
115.728
115.764
115.682
115.654
115.624
115.676
115.789
115.98
115.773
115.885
115.907
115.823
115.584
115.328
115.296
115.175
115.532
115.517
115.752
115.926
115.633
115.647
115.791
115.815
115.65
115.353
115.163
115.07
114.843
114.834
114.827
114.71
114.455
114.331
114.102
114.533
114.542
115.033
114.965
114.98
114.866
115.209
114.948
114.79
114.779
115.31
115.435
115.929
116.107
116.403
116.55
123.748
123.852
124.086
124.45
124.621
124.972
125.358
125.806
126.112
126.397
126.601
126.571
126.841
126.802
127.073
126.912
127.142
127.385
127.506
127.383
127.693
128.025
128.02
127.754
127.518
127.51
127.218
127.073
126.784
127.246
127.03
127.03
126.632
126.596
126.339
126.476
126.175
126.296
125.79
125.715
125.464
125.511
125.224
125.437
125.306
125.633
125.568
125.723
125.392
125.618
125.359
125.57
125.686
125.876
125.607
125.708
125.352
125.024
124.465
124.19
123.82
123.557
123.537
123.445
123.074
122.798
122.639
122.599
122.625
122.578
122.43
122.543
122.387
122.543
122.348
122.395
122.28
122.398
122.426
122.017
121.793
121.526
121.69
121.779
121.905
121.387
121.495
121.423
121.574
121.169
121.059
121.039
121.374
121.484
121.999
122.078
122.414
122.383
122.487
122.331
122.508
122.634
123.186
123.157
123.02
122.643
122.378
122.037
122.353
122.042
121.955
121.605
121.782
121.495
121.468
121.06
121.08
120.923
121.196
121.34
121.726
121.598
121.822
121.816
122.174
122.192
122.307
122.198
122.26
122.168
122.207
121.871
121.716
121.577
121.664
121.612
121.735
121.632
121.652
122.228
122.396
122.607
122.518
122.831
122.888
123.284
123.207
123.441
122.941
123.427
123.558
123.643
123.082
123.264
122.989
122.868
122.557
122.883
122.89
123.131
123.243
123.393
123.471
123.517
123.774
124.045
124.372
124.761
125.113
125.487
125.76
126.284
126.4
126.744
126.759
127.148
126.831
127.331
127.41
127.453
127.018
127.604
127.531
127.711
127.615
127.473
120.564
120.175
119.912
119.401
119.28
119.165
119.222
119.128
119.19
119.05
119.025
118.937
118.844
118.564
118.554
118.417
118.632
118.401
118.48
118.196
118.271
117.89
118.401
118.167
118.27
118.195
118.733
118.397
118.703
119.09
119.318
119.317
119.459
119.522
119.487
119.532
119.205
119.422
119.334
119.468
119.485
119.365
119.36
119.31
119.326
119.123
118.898
118.39
118.215
117.843
118.404
118.253
118.449
118.418
118.936
118.64
118.719
118.38
118.541
118.908
125.712
126.256
126.429
127.097
127.164
127.669
127.577
127.584
126.95
126.914
126.548
126.788
126.602
126.836
126.711
126.761
126.614
126.845
126.76
127.196
127.473
127.274
126.867
126.999
126.924
126.938
126.794
127.043
126.897
126.459
125.937
125.587
125.696
125.487
125.52
125.322
125.601
125.4
125.414
125.084
124.937
125.028
124.881
124.891
124.803
124.882
125.001
125.511
125.686
126.096
125.599
125.631
125.417
125.368
125.071
125.326
125.109
125.33
125.158
125.123
124.714
124.632
124.559
124.52
124.357
124.107
124.255
124.528
125.02
125.265
125.365
125.364
125.638
125.37
125.505
125.247
125.274
125.01
125.106
124.906
124.832
125.219
125.608
125.46
125.412
125.171
125.247
125.386
125.381
125.751
126.161
126.478
126.338
126.537
126.308
126.128
125.604
125.285
124.803
124.804
124.919
125.082
125.128
125.288
125.191
125.328
125.209
125.177
125.223
125.31
125.599
125.755
125.871
125.985
126.235
125.941
126.228
126.032
125.865
125.355
125.78
125.612
125.777
125.574
125.871
125.77
125.508
124.851
124.944
124.818
125.053
124.843
124.842
124.94
124.803
124.714
124.823
124.922
125.013
125.029
125.081
125.156
125.008
125.21
124.946
125.038
124.9
124.737
124.52
124.438
124.288
124.263
124.266
124.245
124.28
124.235
124.326
124.496
124.475
124.439
124.148
123.816
123.71
123.428
123.365
122.987
122.888
122.464
122.595
122.399
122.504
122.372
122.07
121.887
121.428
121.645
121.483
121.743
121.839
122.29
122.185
122.318
122.169
122.242
121.966
122.22
116.317
116.566
116.471
116.406
116.247
115.9
115.676
115.627
115.605
115.48
115.244
115.135
114.959
114.916
114.819
114.64
114.673
114.436
114.681
114.556
114.362
113.991
114.02
113.881
114.103
113.92
114.033
113.865
114.037
113.999
114.295
114.251
114.674
114.724
114.878
114.877
114.939
114.948
114.873
114.927
114.996
115.133
115.014
114.991
114.698
114.407
114.652
114.566
114.639
114.23
114.153
114.02
114.192
114.042
113.851
113.34
113.173
113.228
113.324
113.357
119.305
119.468
119.478
119.318
119.288
119.504
119.503
119.454
119.283
119.651
119.655
119.778
119.704
119.665
119.469
119.619
119.608
119.563
119.373
119.633
119.84
119.997
120.165
120.16
120.089
119.773
119.718
119.732
119.709
119.662
119.627
119.823
119.815
119.717
119.714
119.794
119.778
119.687
119.806
119.565
119.574
119.284
119.318
119.453
119.647
119.935
119.631
119.554
119.807
120.228
120.368
120.029
119.838
119.626
119.653
120.154
120.163
119.831
119.403
119.042
118.474
118.186
117.712
117.821
117.863
117.895
117.799
117.476
117.393
117.31
117.468
117.266
117.382
117.281
117.323
117.21
117.068
116.899
116.82
116.428
116.38
116.292
116.029
116.086
116.153
116.405
116.215
116.229
116.231
116.444
116.442
116.164
116.017
116.231
116.121
115.793
115.417
115.516
115.204
115.211
114.824
114.923
114.433
114.22
114.048
113.689
113.743
113.686
113.62
113.401
113.269
113.152
112.951
112.788
112.852
112.571
112.663
112.875
113.049
113.071
113.131
113.341
113.517
113.5
113.336
113.474
113.446
113.729
113.618
113.6
113.417
113.487
113.232
113.435
113.174
113.054
113.012
112.962
112.872
112.728
112.5
112.446
112.501
112.477
112.479
112.545
112.714
112.576
112.395
112.234
111.943
112.072
111.714
111.406
111.03
111.041
111.248
111.339
111.452
111.761
112.122
112.408
112.515
112.475
112.504
112.744
112.685
112.756
112.818
112.773
107.335
107.769
107.941
108.369
108.39
108.713
108.712
108.804
108.972
109.23
109.422
109.554
109.742
109.916
109.95
109.955
110.125
110.147
110.473
110.412
110.538
110.593
110.809
110.724
111.003
110.969
111.039
111.428
111.747
112.114
112.234
112.257
112.132
112.215
112.032
112.071
111.846
111.989
112.004
112.226
112.343
112.302
112.203
112.225
112.172
112.395
112.102
111.874
112.112
111.907
111.677
111.377
111.483
111.246
111.094
110.91
111.016
111.116
111.007
110.942
116.496
116.193
115.811
115.621
115.506
115.402
114.976
114.701
114.645
114.487
114.518
114.13
114.064
113.631
113.629
113.426
113.41
113.337
113.209
113.216
113.108
112.888
112.867
112.731
112.647
112.474
112.305
112.3
112.205
112.284
112.434
112.732
112.832
112.606
112.535
112.445
112.294
112.242
112.127
111.877
111.735
111.907
112.311
112.61
112.951
113.132
113.382
113.618
113.336
113.276
113.143
113.312
113.26
113.634
114.03
114.367
114.448
114.52
114.533
114.799
114.781
114.946
115.324
115.206
115.473
115.463
115.863
115.847
115.997
116.081
116.268
116.629
116.505
117.014
117.126
117.309
116.614
116.467
116.567
116.606
116.637
116.706
116.805
116.823
116.812
116.983
117.331
117.156
117.267
117.083
117.131
117.123
117.362
117.519
117.782
117.828
118.217
117.974
118.225
118.43
118.801
118.746
118.842
118.431
118.45
118.301
118.351
117.929
117.999
118.013
118.548
118.609
119.01
118.777
118.425
117.544
117.377
117.533
117.578
117.701
118.13
118.15
118.232
118.492
118.526
118.402
118.613
118.719
118.789
118.754
118.793
118.66
118.987
118.774
118.936
118.772
119.526
119.791
119.851
120
120.222
120.475
120.451
120.677
120.894
121.136
121.01
121.098
121.096
121.439
121.251
121.251
120.758
120.765
120.618
120.629
120.475
120.819
120.643
120.672
120.588
120.556
120.542
121.003
120.887
121.102
121.089
121.452
121.445
121.599
121.437
121.43
121.25
121.629
115.998
116.692
116.83
116.502
116.467
116.269
116.416
116.527
116.727
116.705
116.782
116.92
116.89
116.924
117.001
117.017
117.016
117.139
117.16
117.452
117.248
117.583
117.568
117.774
117.776
117.973
117.829
117.979
117.953
118.12
118.249
118.44
118.648
118.461
118.329
118.171
118.318
118.044
118.33
118.117
118.222
118.163
118.32
118.276
118.459
118.266
118.264
118.076
118.18
117.936
118.153
117.777
117.816
117.876
118.078
118.055
118.016
117.971
118.016
117.884
124.012
123.591
123.489
123.859
123.957
124.156
123.969
123.738
123.56
123.264
122.923
122.943
122.829
122.831
122.522
122.712
122.611
122.385
122.368
122.218
122.466
122.285
122.436
122.335
122.371
122.004
122.022
121.641
121.77
121.633
121.659
121.694
121.6
122.081
122.171
122.425
122.286
122.884
123.076
123.432
123.485
123.857
124.104
124.309
124.366
124.528
124.776
125.095
124.515
124.383
124.572
124.678
124.933
124.91
124.979
125.015
125.23
125.308
125.509
125.585
125.702
126.177
126.359
126.381
126.349
126.135
126.207
126.409
126.065
126.242
126.567
126.685
126.507
126.457
126.233
126.108
126.037
126.135
126.084
126.257
126.055
126.097
125.551
125.385
124.973
125.196
124.902
125.293
125.098
125.02
124.557
124.34
123.957
123.854
123.733
123.52
123.566
123.546
123.439
123.49
123.433
123.272
122.9
122.629
122.248
122.249
121.881
122.001
122.379
122.699
122.386
122.519
122.121
121.957
121.533
121.491
121.091
121.164
120.787
120.847
120.432
120.387
120.461
120.512
120.336
120.561
120.44
120.583
120.97
121.26
121.092
121.202
121.54
121.904
122.43
122.27
122.505
122.665
122.779
122.667
122.873
122.63
123.004
123.213
123.648
123.605
123.782
123.602
123.787
124.028
124.225
124.192
124.237
124.119
124.174
124.167
123.932
123.694
123.564
123.571
123.659
123.493
123.594
123.959
124.593
124.867
125.378
125.477
126
126.351
126.908
127.352
128.024
128.587
129.3
129.934
130.603
130.968
131.305
130.908
131.182
131.503
131.826
131.431
132.035
131.764
131.777
123.426
123.347
123.161
123.242
123.029
122.798
122.451
121.995
122.058
121.645
121.582
121.447
121.347
121.086
121.501
121.476
121.563
121.444
121.593
121.753
121.747
121.316
121.01
120.853
120.856
120.774
120.701
120.482
120.563
120.903
121.241
121.527
121.404
121.407
121.943
122.434
122.642
122.827
123.13
123.177
123.392
123.399
123.527
123.512
123.323
123.319
123.324
123.44
123.414
123.388
123.439
123.732
124.418
124.846
124.67
124.427
124.386
123.936
123.796
123.781
132.013
132.164
132.203
132.392
132.815
133.395
133.949
134.167
134.421
135.16
135.594
135.995
136.096
136.342
136.101
136.397
136.309
136.825
137.16
137.49
137.972
138.617
139.22
140.063
140.477
141.501
141.927
142.804
142.903
143.219
143.408
143.618
144.116
144.536
144.422
143.744
143
142.601
141.97
141.356
140.54
140.069
139.085
138.538
137.929
137.332
136.452
135.843
134.741
134.742
134.253
134.259
134.057
133.915
133.876
134.006
134.539
134.492
135.159
135.271
135.55
135.414
135.459
135.072
134.94
134.492
134.249
134.858
135.084
135.113
134.829
134.613
134.61
134.77
135.174
135.258
135.426
134.857
134.235
133.57
133.182
133.279
133.311
133.316
133.374
133.099
132.816
132.808
132.972
133.042
133.044
133.09
133.034
132.574
132.433
132.889
133.37
133.536
133.902
134.503
135.114
135.184
135.87
136.053
136.626
137.047
137.994
138.561
139.586
139.33
139.489
139.624
139.525
139.524
139.686
138.908
138.694
138.536
138.221
137.947
137.749
137.756
138.006
137.968
137.95
137.992
138.054
137.641
137.752
137.761
137.927
138.128
138.464
138.784
138.877
138.888
139.114
139.613
140.203
140.636
141.005
141.141
141.12
141.133
141.204
141.33
141.872
141.629
141.424
141.384
141.086
141.226
141.217
141.68
141.89
141.797
141.903
141.893
141.957
141.839
141.379
141.735
141.812
142.249
142.555
142.633
142.506
142.432
142.556
142.998
143.258
143.135
143.18
143.261
143.529
144.371
144.339
144.217
144.16
144.341
144.306
144.704
144.9
145.535
145.722
146.164
145.581
145.477
145.32
145.395
145.243
145.43
145.621
145.401
145.286
144.892
144.354
144.153
143.432
143.353
143.201
143.175
143.04
143.065
143.059
143.251
143.229
143.44
143.683
143.584
143.773
143.686
143.563
133.67
133.146
132.495
132.138
131.706
131.305
130.848
130.894
130.512
130.424
130.11
129.897
129.715
129.756
129.707
129.255
129.292
129.093
129.085
129.216
129.33
129.423
129.199
129.354
130.113
130.576
131.089
131.368
131.482
131.345
131.221
131.231
130.77
131.446
131.744
131.662
131.42
131.23
131.131
130.897
131.003
130.931
131.362
131.525
131.802
132.462
132.649
132.898
132.812
132.75
132.719
132.69
132.478
132.506
132.403
132.446
132.549
132.638
132.679
132.691
142.547
143
143.893
144.135
144.286
144.728
145.097
145.58
146.041
146.222
146.644
146.799
147.205
147.203
147.317
147.911
147.609
147.965
147.979
147.977
147.846
147.729
148.19
147.977
147.795
147.547
146.921
146.744
146.25
146.125
145.801
145.581
145.579
145.3
144.976
144.913
144.817
144.793
144.481
144.157
143.882
143.43
142.992
142.722
142.607
142.534
142.326
141.741
140.866
140.783
140.13
139.824
139.667
139.546
139.34
139.121
139.021
138.873
138.711
138.621
138.409
138.032
137.872
138.055
138.4
138.367
138.341
138.23
138.032
137.871
137.715
137.37
136.95
136.408
136.174
135.618
135.403
134.737
134.588
134.262
134.044
133.651
133.526
133.791
133.848
133.631
133.827
134.059
134.291
134.488
134.892
134.911
135.406
135.428
135.722
135.855
135.974
136.305
136.394
136.775
136.903
137.372
137.649
137.931
137.851
137.722
138.085
138.512
139.069
139.226
139.537
139.802
139.949
139.857
140.168
140.152
140.273
140.057
140.18
140.385
140.308
140.721
140.67
140.664
140.37
140.376
140.251
139.839
139.882
139.719
139.672
139.951
140.174
140.743
140.782
141.216
141.48
142.073
142.073
141.991
142.254
142.628
142.6
142.404
142.363
142.535
142.577
142.413
142.325
142.223
141.997
142.005
141.687
141.771
141.791
141.56
141.522
141.324
141.437
141.058
141.011
140.936
140.794
140.821
140.613
140.544
140.397
140.008
140.125
140.11
140.234
140.101
140.036
139.875
139.702
139.687
139.556
139.444
138.893
138.769
138.66
138.475
138.256
138.192
138.256
138.162
138.446
138.523
138.624
138.72
138.788
138.754
138.811
138.774
138.534
138.587
138.438
138.466
138.453
138.875
138.738
138.705
138.779
138.887
138.993
139.004
139.192
139.248
139.326
139.348
139.399
139.363
139.569
139.274
139.252
139.339
139.418
139.534
139.446
139.768
139.575
139.579
139.539
139.596
139.696
139.782
139.876
140.061
140.209
140.067
140.143
140.186
140.298
140.459
140.431
140.532
140.414
140.715
141.18
141.139
141.259
141.214
141.353
141.14
141.187
141.064
140.812
141.067
140.838
140.837
140.522
140.447
140.055
139.878
140.076
139.996
140.069
139.693
139.747
139.303
139.37
139.321
139.114
139.072
138.764
138.515
138.412
138.292
138.062
137.922
137.743
137.794
137.694
137.964
137.907
137.849
137.718
137.672
137.627
137.513
137.603
137.6
137.658
137.527
137.479
137.457
137.263
137.347
137.285
137.325
137.294
137.236
137.205
137.11
137.189
137.173
137.147
137.092
136.802
136.726
136.603
136.633
136.649
136.7
136.761
136.558
136.735
136.489
136.681
136.601
136.685
136.536
136.738
136.795
136.777
136.68
136.453
136.759
136.553
136.808
136.595
136.721
136.795
136.799
136.919
137.093
137.035
136.787
136.883
136.848
137.002
136.981
136.745
136.713
136.581
136.521
136.425
136.27
136.198
136.104
136.169
135.74
135.71
135.386
135.435
135.266
135.409
135.247
135.173
135.155
135.033
135.122
134.843
134.807
134.556
134.519
134.396
134.398
134.503
134.533
134.628
134.506
134.576
134.45
134.348
134.386
134.303
134.421
134.012
133.93
133.911
134.104
134.139
134.119
134.079
134.087
134.256
134.149
134.204
134.197
134.245
133.942
133.911
133.699
133.702
133.603
133.591
133.652
133.77
133.901
133.806
133.774
133.896
133.87
133.83
133.896
133.484
133.636
133.636
133.826
133.669
133.762
133.469
133.64
133.639
133.587
133.512
133.524
133.584
133.678
133.73
133.622
133.736
133.737
133.77
133.583
133.618
133.599
133.731
133.836
133.761
133.729
133.589
133.546
133.503
133.626
133.606
133.618
133.879
134.052
133.905
133.723
133.466
133.431
133.4
133.429
133.364
133.399
133.395
133.487
133.618
133.751
133.829
133.837
133.918
134.02
134.039
134.256
133.937
133.792
133.635
133.497
133.392
133.379
133.333
133.283
133.69
133.473
133.301
133.184
133.253
133.307
133.614
133.719
133.775
133.838
133.776
133.79
133.242
133.14
132.804
132.883
132.767
132.785
132.727
132.883
132.861
132.807
132.579
132.44
132.487
132.698
132.828
132.803
132.942
132.776
132.638
132.282
132.316
132.134
132.387
132.529
132.85
132.807
132.749
132.824
132.845
132.797
132.669
132.571
132.472
132.602
132.53
132.624
132.507
132.495
132.519
132.281
132.112
131.872
132.064
132.095
131.94
131.912
131.631
131.473
131.367
131.518
131.506
131.468
131.392
131.575
131.353
131.37
131.194
131.252
131.26
131.338
131.736
131.437
131.587
131.288
131.485
131.295
131.509
131.443
131.651
131.571
131.776
131.86
131.824
131.781
131.539
131.718
131.618
131.949
132.184
132.477
132.39
131.928
131.723
131.367
131.128
130.836
130.84
130.355
129.906
129.244
129.045
128.832
128.726
128.419
128.28
128.095
127.999
127.64
127.444
127.261
127.498
127.355
127.28
126.92
127.165
127.012
127.445
127.634
127.862
127.897
128.128
128.179
128.246
128.239
128.348
128.191
128.009
127.995
127.976
127.957
127.733
127.672
127.566
127.653
127.339
127.379
127.453
127.459
127.225
126.885
126.441
126.031
125.954
125.422
125.446
125.211
125.061
124.646
124.412
124.047
123.778
123.632
123.241
123.412
123.301
123.184
122.95
123.115
123.326
123.844
123.769
123.554
123.132
123.154
122.496
122.316
121.752
121.82
121.608
121.545
121.543
121.674
121.53
121.558
121.252
120.989
120.676
120.202
119.755
119.418
119.243
118.756
118.365
117.684
117.393
116.927
116.95
116.75
116.474
116.237
116.069
116.183
115.803
115.469
115.178
114.934
114.293
114.155
114.055
114.249
114.17
114.249
113.901
114.061
113.924
113.869
113.673
113.55
113.428
113.345
113.26
113.356
113.28
112.836
112.796
112.639
112.615
112.662
112.716
112.593
112.549
112.748
112.982
113.077
113.557
113.782
114.168
114.254
114.451
114.547
114.426
114.253
114.333
114.252
114.378
114.491
114.449
114.623
114.646
114.739
114.587
114.893
114.929
115.164
115.163
115.561
115.401
115.539
115.473
115.344
115.158
114.882
115.014
115.136
115.47
115.698
116.049
116.116
115.899
115.815
115.909
115.919
116.082
116.065
116.242
116.46
116.681
117.028
117.073
117.5
117.679
118.15
118.316
118.675
112.298
112.595
112.56
112.638
112.435
112.622
112.984
113.087
113.09
112.83
113.008
112.875
113.038
113.041
113.129
113.187
113.403
113.583
113.686
113.892
114.055
114.178
114.347
114.611
114.647
114.734
114.692
114.74
115.008
115.349
115.535
115.706
115.889
115.935
116.144
116.085
116.11
116.392
116.591
116.916
116.911
117.048
117.099
117.182
117.497
117.62
117.735
117.725
117.663
117.844
117.795
117.796
117.93
117.872
118.099
117.897
117.845
117.353
117.465
117.298
124.383
124.052
124.41
124.387
124.806
124.568
124.597
124.375
124.484
124.715
124.751
124.92
125.015
125.085
124.87
124.59
124.423
124.463
124.482
124.559
124.622
124.777
124.663
124.688
124.935
125.144
125.406
125.519
125.476
125.515
125.728
125.782
125.958
125.809
126.053
126.426
127.171
127.203
127.47
127.403
127.64
127.673
127.561
127.522
127.367
127.305
127.331
127.389
127.242
127.299
127.344
127.426
127.265
127.22
126.811
127.05
127.168
127.808
127.934
128.19
128.055
128.491
128.525
128.425
128.263
128.187
128.189
128.118
128.29
128.245
128.294
128.197
128.024
127.664
127.852
128.147
128.377
128.307
128.256
128.153
128.063
127.848
127.961
127.792
127.791
127.571
127.403
127.341
127.285
127.239
126.94
126.985
126.803
126.554
126.116
126.217
125.919
125.976
125.545
125.224
124.706
124.349
124.115
123.925
123.864
123.917
123.844
123.959
124.235
124.287
124.038
123.755
123.585
123.502
123.378
123.343
123.189
122.882
122.656
122.905
122.876
122.659
122.309
122.267
122.188
122.389
122.062
122.275
121.98
121.913
121.657
121.578
121.422
121.874
121.826
121.985
121.761
121.944
121.833
122.034
121.934
122.099
122.005
122.107
122.302
122.193
122.424
122.184
122.037
121.695
121.72
121.254
121.324
121.38
121.759
121.642
121.886
121.872
122.346
122.632
123.215
123.294
123.803
124.142
124.301
124.385
124.39
124.167
123.978
123.698
123.535
123.468
123.721
123.804
124.022
124.078
124.096
124.141
124.185
124.184
124.372
124.776
125.107
125.297
125.445
125.454
125.647
125.42
119.963
120.249
120.107
120.084
119.913
119.629
119.362
119.464
119.503
119.582
119.228
119.16
119.075
118.961
118.828
118.697
118.37
118.546
118.402
118.726
118.813
119.201
119.297
119.367
119.205
119.499
119.448
119.574
119.543
119.444
119.345
119.063
118.616
118.571
118.509
117.94
115.072
114.812
114.89
115.006
115.331
115.463
115.897
116.173
116.185
116.375
116.491
116.43
116.254
116.114
115.885
115.702
115.674
115.663
115.525
115.163
114.839
114.737
114.601
114.74
119.626
119.555
119.584
119.795
120.125
120.379
120.587
120.445
120.402
120.264
120.571
120.573
120.636
120.662
120.802
120.978
121.204
121.325
121.547
121.365
121.599
121.388
121.563
121.602
121.912
121.727
121.577
121.433
121.396
121.609
121.638
122.021
122.209
122.44
122.401
122.935
126.34
126.708
126.602
126.396
126.215
126.394
126.33
126.327
126.444
126.015
126.237
126.177
126.756
126.915
127.481
127.366
127.468
127.173
127.402
127.627
128.119
128.051
128.048
127.872
127.887
127.439
127.175
126.906
127.026
126.74
126.733
126.569
126.412
126.255
126.411
126.113
125.964
125.532
125.373
124.801
124.551
124.049
123.829
123.472
123.176
123.266
122.906
123.09
123.009
122.719
122.723
122.429
122.26
122.072
121.768
121.774
121.818
121.49
121.442
121.219
121.159
120.986
121.085
121.063
120.984
120.515
120.292
119.801
119.435
119.759
119.655
119.595
119.412
119.347
119.211
119.031
118.914
118.8
118.83
118.825
118.63
118.604
118.549
118.744
118.971
119.143
119.604
119.822
119.801
119.959
120.137
120.232
120.58
120.753
120.855
121.269
121.479
122.012
122.21
122.753
122.864
123.365
123.362
123.875
124.078
124.223
124.63
124.477
124.551
124.828
125.03
125.33
125.538
125.602
125.964
125.818
126.007
126.368
126.379
126.598
126.59
126.8
126.846
127.296
127.491
128.014
128.205
128.74
129.103
128.805
128.787
128.795
128.933
129.013
129.266
129.443
129.261
129.081
128.798
128.674
128.919
129.086
129.465
129.46
129.62
129.765
129.838
129.815
129.836
122.5
122.385
122.504
122.501
122.536
122.434
122.204
122.285
121.842
121.997
121.76
121.937
121.664
121.826
121.54
121.452
120.957
120.789
120.617
120.584
120.566
120.394
120.348
120.259
120.077
119.685
119.361
119.175
119.065
119.154
119.008
118.957
118.542
118.431
118.191
118.168
117.965
117.82
117.546
117.44
117.563
117.486
117.464
117.318
117.443
117.119
117.134
117.376
117.888
117.864
118.097
117.768
117.75
117.374
117.359
117.028
116.862
116.47
116.347
116.292
123.035
122.789
122.666
122.055
121.979
121.701
121.797
121.572
121.721
121.163
120.992
120.789
120.69
120.507
120.617
120.518
120.892
120.812
121.103
120.965
121.082
120.871
120.926
120.625
120.606
120.507
120.516
120.646
120.664
120.616
120.654
120.684
120.888
120.915
120.871
120.692
120.859
120.844
120.915
120.804
120.71
120.41
120.547
120.523
120.465
120.243
120.381
120.116
119.912
119.912
119.927
120.062
120.232
120.367
120.483
120.558
120.824
120.948
121.195
121.039
120.994
121.123
121.147
121.383
121.399
121.435
121.219
120.914
120.693
120.725
120.708
120.305
120.418
120.221
120.148
120.16
119.962
119.746
119.454
119.431
119.287
119.453
119.363
119.596
119.571
119.9
120.135
119.978
119.85
119.822
119.849
119.828
119.852
119.856
119.924
119.619
118.882
118.794
118.719
118.775
118.654
118.913
118.608
118.568
118.409
118.591
118.248
118.231
117.834
117.795
117.521
117.151
116.643
116.268
115.845
115.48
115.243
114.928
114.496
114.538
114.155
113.949
113.483
113.49
113.175
113.174
112.928
112.949
113.145
113.076
113.341
113.57
113.503
113.29
113.144
112.82
112.7
112.576
112.735
112.791
112.954
112.995
113.098
112.939
113.179
113.067
113.156
113.118
113.2
113.116
113.093
113.095
113.046
112.726
112.446
112.455
112.838
112.927
112.834
112.875
112.983
112.944
112.795
112.641
112.417
112.431
112.176
112.246
112.561
112.766
112.835
113.12
113.219
113.199
108.589
108.916
108.405
108.725
108.953
109.037
109.15
109.376
109.672
109.815
109.917
109.996
110.077
110.121
109.813
109.986
109.501
109.548
109.597
109.96
110.041
110.465
110.657
111.048
110.944
110.878
110.648
110.57
110.607
110.852
110.692
110.597
109.978
109.752
109.849
109.909
109.962
109.603
109.718
109.964
110.344
110.648
110.915
111.04
111.409
111.372
111.211
111.37
111.45
111.595
111.771
111.892
112.482
112.733
112.883
112.926
112.999
113.235
113.453
114.047
119.437
119.624
120.351
120.557
120.61
120.618
120.905
120.986
121.238
120.932
121.055
120.759
120.516
120.779
121.208
121.499
122.059
122.139
122.079
122.169
122.4
122.265
122.188
121.711
121.894
121.936
122.254
122.058
122.102
122.075
122.367
122.423
123.147
123.48
123.551
123.477
123.501
123.877
123.776
123.818
123.775
123.902
123.905
123.734
123.473
123.201
123.626
123.499
123.639
123.47
123.407
123.398
123.581
123.498
123.613
123.705
123.644
123.713
123.76
123.753
123.81
123.875
123.916
123.982
124.061
123.989
124.073
124.083
123.938
124.279
124.202
124.595
125.309
125.327
125.543
125.435
125.637
125.726
126.066
126.062
126.086
126.214
126.381
126.583
126.246
126.426
126.451
126.887
126.625
126.6
126.007
126.048
125.668
125.623
125.44
125.597
125.335
125.435
125.079
125.055
125.02
125.238
125.051
125.183
124.928
125.085
124.594
124.614
124.649
125.033
125.25
125.226
124.7
124.656
124.33
124.27
124.212
123.88
123.286
123.107
123.097
122.962
122.712
122.584
122.484
122.491
121.881
121.775
121.745
121.309
121.547
121.542
121.521
121.623
121.242
121.183
120.909
120.908
120.68
120.536
120.092
120.087
119.939
120.314
120.603
120.654
120.605
120.689
120.833
120.977
121.463
121.77
122.35
122.459
122.686
122.683
123.066
123.074
123.71
123.881
124.078
124.011
123.822
123.836
124.215
124.515
124.885
125.035
125.216
125.208
125.361
125.674
126.085
126.255
126.652
126.585
127.009
127.191
128.049
128.166
128.327
128.124
128.608
128.785
121.279
121.251
121.777
122.005
122.271
122.752
122.644
122.651
122.78
122.779
123.218
123.44
123.753
123.816
124.112
124.462
124.857
125.098
125.294
125.333
125.421
125.281
125.239
125.145
125.338
125.013
125.111
124.77
124.705
124.707
124.715
124.701
124.661
124.805
124.8
124.956
124.788
124.714
124.653
124.565
124.34
124.357
124.369
124.277
124.3
124.425
124.406
124.286
124.441
124.48
124.253
123.979
123.957
123.937
123.947
123.828
123.554
123.556
123.598
123.414
131.49
131.712
131.756
131.793
131.535
131.693
131.735
131.848
131.36
131.327
131.196
131.327
131.164
131.292
131.281
130.903
130.809
130.406
130.56
130.273
130.487
130.452
130.662
130.133
