60
70.9714
89.9527
105.477
102.974
108.783
116.808
124.091
130.706
135.525
140.23
144.835
148.959
152.55
152.684
155.822
158.782
161.276
163.932
166.114
168.477
169.945
171.824
173.588
175.197
176.419
177.627
178.826
179.839
180.577
181.417
182.547
182.069
182.949
183.988
184.812
185.661
186.126
186.943
187.252
187.993
188.681
189.24
190.063
190.752
191.612
191.879
192.621
192.772
193.169
193.879
194.377
194.836
195.348
195.962
196.488
196.98
196.557
197.094
197.549
205.913
210.438
211.206
211.516
216.435
218.395
218.933
219.331
219.565
219.967
219.976
220.24
220.054
220.195
222.032
221.617
221.314
221.651
221.714
222.002
221.83
222.318
222.539
222.692
199.121
199.184
199.484
199.559
199.618
199.718
200.038
199.729
200.866
200.831
200.676
200.67
200.209
200.599
200.53
200.5
200.299
200.366
200.328
200.293
200.014
199.435
198.515
198.156
198.227
198.11
197.519
197.639
197.742
197.523
197.171
197.031
196.943
197.882
197.865
197.924
197.772
198.434
198.382
198.019
197.735
197.622
197.476
197.345
196.823
196.951
197.154
197.081
197.152
197.113
196.976
197.074
197.425
197.294
197.395
197.206
197.457
197.486
197.446
197.146
220.309
220.622
220.631
220.5
220.62
221.082
221.106
221.024
221.084
221.491
221.787
222.087
222.907
223.033
223.369
224.079
224.639
224.861
225.26
225.089
225.647
226.381
227.776
228.195
228.845
229.452
230.073
229.828
230.022
230.491
230.696
230.562
230.782
230.826
230.556
230.534
230.778
230.782
230.342
230.694
231.04
230.724
230.689
230.564
230.97
230.556
230.589
230.397
230.459
230.034
230.061
230.344
230.047
229.719
229.214
229.19
228.458
227.939
227.683
227.563
227.051
226.965
226.727
226.699
226.727
226.501
225.909
226.194
225.906
225.62
225.45
224.734
224.207
223.927
223.211
223.012
222.198
221.779
221.258
221.278
221.058
220.603
220.331
220.222
219.997
219.189
219.314
219.475
219.162
218.937
219.187
219.506
219.037
218.785
218.619
218.485
217.313
217.062
216.587
215.996
215.897
216.028
216.015
215.755
215.51
215.558
215.387
215.372
215.418
215.351
215.134
215.286
215.423
215.679
215.878
215.913
216.188
216.037
216.221
216.586
216.69
216.515
216.675
216.994
217.008
216.317
216.812
217
217.007
217.234
217.315
217.987
218.207
218.409
218.989
219.172
219.512
219.874
220.122
220.312
220.242
220.557
220.984
220.742
220.864
221.139
220.958
220.924
221.178
221.475
221.342
220.933
221.453
221.714
222.228
221.926
223.24
223.262
224.091
224.223
224.232
224.341
224.215
224.568
225.05
225.375
225.375
225.603
225.764
226.445
225.674
225.827
225.75
225.727
224.896
224.679
224.911
224.896
224.504
224.273
224.328
223.336
223.059
222.741
222.463
223.103
222.791
222.931
221.944
221.813
221.583
221.35
221.582
221.149
221.055
220.763
221.002
220.654
220.668
220.229
220.065
219.885
219.85
220.157
219.91
220.084
219.957
219.783
219.275
218.936
218.467
218.703
218.142
217.912
217.62
217.788
217.207
216.948
216.927
217.274
217.005
216.938
217.089
216.826
216.168
215.792
215.617
215.302
214.914
214.966
215.915
215.455
215.423
214.998
215.802
215.365
215.348
215.579
215.661
215.983
215.734
216.823
216.764
216.981
217.348
217.55
217.624
217.521
218.439
218.176
218.37
218.171
218.008
217.381
217.145
217.194
217.124
217.151
217.35
217.542
217.747
217.855
217.825
217.843
217.859
217.614
217.679
217.948
217.58
217.857
218.199
217.838
218.374
218.132
218.338
217.424
217.796
217.977
217.66
217.646
217.54
217.526
217.192
217.092
217.564
217.743
217.959
217.988
218.367
217.862
217.628
217.893
217.965
217.993
217.674
218.144
217.482
217.555
217.754
216.975
216.785
216.754
216.738
216.782
216.539
216.538
216.392
216.32
216.492
216.636
216.526
216.563
216.425
217.336
217.608
217.781
218.004
218.16
217.942
218.141
218.033
217.937
217.677
217.387
217.581
217.991
217.704
217.429
217.905
217.555
217.763
218.011
217.804
217.685
217.644
218.469
218.148
218.239
218.356
218.485
218.534
218.472
218.734
218.987
218.385
218.392
218.377
218.522
218.294
218.335
218.191
218.157
217.993
218.42
218.691
218.109
218.603
218.605
218.268
218.788
219.712
219.34
219.353
219.321
219.276
219.249
219.408
219.658
219.831
219.859
220.023
220.256
220.208
220.278
220.506
220.572
220.342
220.352
220.628
220.734
221.02
220.631
221.195
221.64
221.539
220.761
221.304
221.696
222.135
222.459
222.585
223.08
223.104
223.741
223.838
224.206
224.635
224.88
225.254
225.453
225.899
226.303
226.276
226.256
226.557
226.851
226.584
226.777
226.849
226.95
227.527
227.35
227.225
227.099
227.046
227.861
228.201
228.098
228.605
228.727
228.49
228.779
228.974
228.37
228.421
228.024
228.035
227.679
227.443
227.622
227.085
227.262
227.684
227.449
226.825
226.586
225.731
225.742
225.587
225.303
225.084
225.537
225.273
225.153
225.343
225.692
224.92
224.783
224.621
224.694
224.542
224.403
224.218
223.96
223.945
223.832
223.621
223.444
223.419
223.168
222.395
222.178
222.476
222.612
222.985
222.93
223.443
223.153
223.157
223.486
223.448
223.376
223.8
223.951
224.153
224.132
224.111
224.618
224.61
224.592
224.617
224.81
225.108
225.581
225.847
226.388
226.709
226.675
226.79
226.828
227.399
226.582
226.648
227.01
227.518
227.81
228.888
228.779
228.83
229.126
228.783
229
229.019
229.128
229.132
229.815
230.59
230.757
230.897
230.944
230.829
230.918
231.248
231.423
230.934
231.184
231.547
231.762
231.021
230.996
231.901
231.784
231.695
231.67
231.857
231.358
231.295
231.544
231.785
231.34
231.35
231.856
231.762
231.632
231.568
231.76
231.789
230.849
230.949
230.875
231.122
231.017
230.901
231.001
230.989
231.052
231.143
231.685
231.975
231.945
232.099
232.451
232.103
231.654
231.689
231.453
231.24
230.664
230.686
230.616
230.989
231.001
231.199
230.903
230.507
230.308
230.245
229.999
229.839
229.276
229.595
229.242
229.039
228.835
229.004
227.6
227.343
227.084
227.629
227.607
227.531
227.448
227.065
227.14
226.785
227.314
226.563
226.306
225.977
226.128
225.962
225.593
225.629
225.21
225.163
224.74
224.682
225.545
225.604
226.157
226.237
226.4
226.618
227.001
227.25
227.18
227.265
226.949
226.513
226.459
226.205
226.506
226.583
226.754
226.637
226.432
226.689
227.499
227.396
227.333
227.67
227.031
226.655
226.398
226.261
226.274
226.334
226.167
225.88
226.026
225.678
225.574
225.644
225.803
225.849
226.846
227.043
227.144
227.266
227.463
227.601
227.84
228.205
227.436
227.785
227.656
228.482
228.59
228.928
229.175
229.34
229.516
229.696
230.331
230.404
230.616
230.643
230.551
230.261
229.994
229.86
229.929
229.538
229.28
229.066
228.981
228.72
228.959
228.287
228.363
228.348
228.538
228.784
229.039
228.277
228.805
228.847
229.056
228.908
229.131
229.005
229.726
230.101
230.694
231.287
231.043
230.837
231.225
231.697
231.847
232.156
232.594
232.845
232.878
233.165
233.604
233.595
233.607
233.706
233.776
233.77
233.243
233.172
234.05
234.038
234.053
234.115
234.316
233.403
232.803
232.773
232.897
232.834
232.634
232.721
232.778
232.208
231.884
231.994
231.673
231.4
230.903
231.131
231.143
230.675
230.806
230.622
230.383
230.328
229.946
230.07
229.549
229.454
228.978
229.791
229.399
229.283
228.743
229.012
227.931
227.301
227.013
226.987
226.898
226.955
227.117
227.309
227.406
227.581
227.035
226.257
226.152
226.273
226.444
225.894
225.88
226.051
226.184
225.841
225.569
225.516
225.978
225.929
225.616
224.759
224.506
224.233
224.236
225.021
225.128
225.263
225.415
225.367
225.027
225.076
225.304
225.859
226.072
225.889
225.849
226.2
226.73
226.539
226.374
226.638
226.698
227.086
226.909
227.211
227.613
227.452
227.595
227.675
228.264
227.955
228.388
227.619
228.033
228.222
229.34
229.471
229.811
229.752
229.896
229.636
229.83
230.138
230.273
230.129
230.814
231.695
231.826
231.435
231.159
231.459
231.322
231.071
231.184
231.275
231.448
231.483
231.743
232.046
232.351
233.129
233.741
234.232
234.263
234.369
235.132
235.049
234.983
235.005
235.628
235.34
235.33
235.505
235.501
235.483
235.888
236.072
235.94
236.154
236.402
236.932
236.827
236.89
237.408
238.186
238.277
238.161
238.502
238.425
237.951
238.095
237.311
238.415
238.518
238.43
238.073
238.579
238.802
239.298
239.582
240.086
240.508
240.539
240.657
240.135
240.619
240.665
240.83
240.553
240.95
241.481
241.938
242.118
242.247
242.839
243.177
242.994
243.264
243.463
243.753
244.06
244.14
244.003
244.205
243.901
243.856
243.54
243.325
243.208
243.054
243.567
243.746
243.502
243.656
244.212
244.34
244.099
244.476
244.751
244.952
244.843
244.678
244.784
245.012
245.304
245.281
246.007
246.387
246.587
246.9
247.447
248.357
248.272
246.411
246.728
247.134
247.5
247.063
246.919
246.745
246.631
246.234
246.219
245.866
246.407
245.56
244.622
244.078
244.807
243.879
243.765
243.149
243.377
243.423
243.304
243.039
243.069
242.32
241.806
241.422
240.826
240.701
240.536
240.057
240.144
240.057
240.449
240.658
240.596
240.797
240.318
239.991
239.842
239.911
239.612
239.32
238.997
238.819
238.359
238.324
237.939
237.687
237.369
237.088
236.426
236.229
236.133
235.37
235.118
234.861
234.603
234.264
233.312
234.849
233.027
232.67
231.932
231.359
231.218
229.87
229.678
229.452
229.018
228.793
228.188
228.605
229.136
229.378
229.057
229.486
229.108
228.585
228.219
227.761
227.693
227.467
227.047
227.175
227.337
227.169
227.459
226.91
227.13
227.601
227.991
227.85
227.969
228.175
228.226
228.171
228.484
228.758
229.1
228.428
228.483
228.666
228.963
228.843
229.185
228.839
228.95
228.955
228.976
228.8
228.952
228.65
228.549
229.178
229.484
229.73
230.012
230.151
230.888
230.846
232.603
232.776
233.221
233.902
234.079
235.179
235.022
235.169
235.569
235.795
236.286
235.791
236.013
236.232
236.594
236.679
236.547
237.071
236.969
236.997
236.473
236.749
237.176
236.897
236.767
237.112
236.977
237.184
236.826
236.314
235.918
235.805
235.403
235.167
234.719
234.692
234.382
234.384
234.078
234.905
235.057
234.854
234.494
234.246
234.132
234.446
234.409
234.335
234.395
234.521
233.96
234.395
234.396
234.352
234.1
234.284
233.687
233.656
233.055
233.063
232.524
232.402
232.289
232.01
231.824
231.44
231.539
231.55
231.024
230.009
229.557
229.899
229.547
229.476
229.147
228.948
229.229
229.171
229.255
229.028
228.543
228.22
228.076
228.337
228.117
227.95
228.162
228.104
228.027
227.978
228.141
227.921
227.755
227.749
228.291
228.115
228.382
228.408
228.595
228.491
228.405
228.647
228.839
228.737
228.795
228.724
228.448
228.043
228.003
228.082
228.864
228.819
228.77
228.62
228.708
228.478
228.887
228.182
228.855
229.04
229.479
229.769
229.986
230.224
229.995
230.678
230.961
231.254
231.909
233.158
233.858
233.966
234.466
234.599
234.903
235.164
235.062
235.527
235.805
236.236
237.415
237.922
238.467
238.552
239.149
239.5
239.724
239.826
240.041
240.479
240.601
240.579
241.218
241.303
241.434
241.595
241.732
241.771
241.821
241.635
241.731
241.751
241.595
241.819
241.684
241.654
242.065
242.864
242.939
242.918
242.814
242.664
242.663
242.62
242.591
242.385
242.358
243.183
243.234
242.822
242.66
242.125
242.128
242.061
242.434
242.295
242.153
241.706
241.585
240.448
240.308
240.174
240.236
240.129
239.857
239.806
240.182
240.197
239.76
239.616
239.222
238.848
238.185
237.733
237.556
237.609
237.28
237.208
237.328
237.038
236.525
236.959
236.951
236.498
236.362
236.366
236.08
235.992
235.769
235.913
235.933
235.578
235.66
235.989
236.079
236.117
236.031
235.953
235.974
236.023
235.843
236.011
236.102
236.043
235.999
236.418
236.233
236.355
236.217
236.299
236.133
236.351
236.213
236.255
236.284
236.32
235.996
236.296
236.263
236.911
236.822
237.055
236.724
236.356
236.507
236.417
236.639
236.762
237.081
237.476
237.839
238.292
238.735
239.448
239.731
239.788
240.374
241.18
241.632
242.261
243.101
243.325
243.549
244.451
244.947
245.556
246.233
246.673
247.445
248.104
248.391
249.362
249.815
250.312
250.782
251.087
252.081
253.035
253.735
254.355
254.926
255.739
256.581
257.482
258.258
258.953
259.201
259.859
260.766
261.44
262.542
263.584
264.481
265.626
266.265
267.274
268.707
269.608
270.458
271.63
272.94
273.982
275.339
276.986
277.877
279.444
280.24
281.103
282.322
282.206
283.279
283.934
285.226
286.314
286.648
287.551
287.939
288.486
289.084
289.846
290.155
290.844
291.64
292.164
292.766
293.218
293.57
293.576
293.893
294.391
295.311
295.898
297.193
297.85
298.872
299.503
299.978
300.618
301.27
302.115
303.539
304.546
305.254
306.062
307.042
308.106
309.909
311.081
312.122
313.487
314.34
315.274
316.089
316.799
317.818
317.725
317.65
317.693
318.106
319.049
319.892
320.658
321.444
321.868
322.689
316.985
316.094
316.839
317.693
319.713
320.21
321.306
322.098
323.067
324.354
325.033
326.191
326.905
327.64
328.615
329.93
331.53
332.704
333.876
335.105
336.49
335.508
337.342
338.395
339.217
339.994
340.96
341.265
342.022
342.446
343.851
344.532
345.352
344.032
344.335
344.636
344.561
344.686
344.799
344.931
344.941
345.182
345.032
345.314
345.295
344.779
345.193
345.898
346.143
346.359
347.174
348.182
349.364
349.803
350.071
350.374
350.656
350.34
350.985
351.642
359.967
362.564
362.797
361.851
362.32
362.755
362.972
363.069
362.994
363.15
363.551
364.071
364.445
364.778
364.888
365.11
364.431
364.335
364.428
364.595
364.741
367.455
367.581
368.013
368.124
368.001
367.646
368.449
367.932
368.146
368.39
368.446
368.321
370.455
370.513
370.603
371.199
371.499
371.833
372.31
372.717
372.829
373.429
373.552
374.188
375.264
375.365
373.813
374.339
374.994
375.989
376.822
377.626
377.92
378.566
379.046
379.688
380.885
381.301
382.073
382.168
382.844
383.273
385.045
385.333
385.643
386.105
384.495
385.02
385.721
386.11
386.114
386.397
385.401
382.887
382.07
382.897
382.924
383
382.922
383.376
383.797
384.2
384.341
384.639
385.322
385.429
385.758
386.998
387.627
387.689
388.503
389.233
389.448
390.167
390.972
391.462
392.039
392.887
393.496
393.509
394.278
394.759
395.476
395.739
396.107
396.087
398.512
398.604
398.494
398.58
397.119
397.234
397.257
397.387
397.516
397.521
396.101
396.269
396.353
396.29
395.941
395.964
396.125
396.271
396.347
396.051
398.661
398.862
399.118
397.703
398.222
398.472
399.855
403.413
405.278
405.656
406.323
406.735
406.997
406.476
406.461
406.942
407.2
407.743
407.99
408.65
407.916
407.886
407.958
408.354
408.324
408.451
408.822
405.341
404.952
405.209
405.165
405.369
405.302
405.108
405.673
405.522
405.527
405.82
406.194
406.842
406.475
406.954
407.659
407.675
409.366
409.218
410.367
409.905
409.885
409.702
411.385
411.286
411.419
412.437
412.901
412.824
413.057
413.291
411.768
412.698
412.616
412.314
412.353
414.374
414.158
414.53
415.02
414.58
413.946
414.049
413.933
414.169
412.851
413.033
413.278
412.18
412.302
412.402
412.282
412.427
413.127
413.034
411.239
411.622
411.821
411.737
412.459
416.611
417.345
415.139
415.162
415.065
415.335
416.106
415.82
415.975
415.488
415.831
415.264
415.367
415.757
415.65
415.238
414.377
414.429
414.378
414.324
415.074
415.08
414.475
414.388
414.585
414.705
414.676
414.584
414.079
413.815
413.425
414.927
414.771
414.715
415.159
415.362
414.733
414.541
413.875
413.697
413.647
413.874
412.349
412.012
411.33
413.147
413.581
413.413
413.859
413.826
413.166
413.383
413.621
413.779
413.622
415.454
415.225
414.626
414.67
414.403
412.401
409.368
411.546
412.002
411.489
411.607
411.978
411.913
411.583
412.038
410.612
411.355
411.746
412.338
410.964
411.31
412.577
412.799
412.7
412.702
412.655
412.265
413.368
413.611
413.617
413.058
412.983
412.851
414.144
414.601
415.196
415.742
413.757
413.94
413.309
413.059
413.469
413.91
414.592
413.377
413.423
413.885
415.592
416.122
416.985
416.786
416.562
416.902
417.412
417.576
418.359
418.473
418.474
416.709
417.137
417.428
417.387
417.889
418.268
418.411
419.741
422.99
423.051
423.045
424.084
424.391
424.153
424.022
424.321
424.935
426.65
426.795
426.733
426.889
428.285
427.749
427.402
425.5
426.005
426.192
426.261
426.547
426.176
426.427
426.867
427.682
427.834
428.017
428.165
427.667
427.705
427.846
430.32
430.747
431.544
432.063
431.752
432.08
431.336
433.15
433.756
433.759
433.7
433.99
433.635
434.107
434.907
434.991
435.073
434.938
435.176
434.854
434.953
437.212
437.255
437.029
437.104
437.197
436.765
436.763
437.341
435.711
435.991
435.273
434.244
433.824
433.249
433.833
434.197
433.746
433.133
432.98
432.137
431.787
432.24
432.921
433.147
435.085
435.249
435.126
434.25
434.205
434.516
431.63
431.296
430.777
429.982
429.968
429.682
427.726
427.524
426.976
426.617
425.67
425.558
425.187
425.814
425.793
426.551
426.189
425.213
424.676
424.678
424.37
424.586
424.309
424.051
423.63
423.507
423.848
423.756
424.024
423.844
423.697
423.942
423.648
423.708
423.741
424.009
423.753
423.817
425.217
423.978
424.932
426.115
426.694
427.624
427.641
427.381
422.035
422.688
422.787
423.413
423.168
422.783
421.855
421.186
420.991
420.7
420.776
421.626
421.965
421.992
424.382
424.807
425.456
426.192
426.543
426.775
429.007
428.613
428.941
429.005
429.449
429.372
429.367
429.286
429.055
428.462
427.699
428.824
425.64
424.193
421.339
420.695
421.028
421.11
421.654
421.878
421.901
421.806
421.474
421.892
422.209
422.011
422.106
420.754
420.79
418.356
418.766
418.866
419.314
420.273
420.025
420.099
419.168
418.995
419.05
419.174
424.776
424.385
423.926
423.326
423.368
423.594
424.472
424.945
425.13
425.438
424.999
424.75
424.818
424.752
424.781
424.287
423.972
424.054
423.095
422.579
422.063
422.727
422.759
422.365
422.582
422.114
422.109
421.87
421.812
422.049
422.748
421.79
425.035
426.179
428.8
429.354
429.243
429.085
429.014
428.323
428.689
428.734
429.128
429.116
428.919
429.05
429.064
430.438
430.453
433.433
433.308
433.526
432.798
432.789
429.913
429.504
430.08
430.212
430.032
429.642
427.581
427.764
428.29
428.972
428.997
428.982
428.689
428.151
425.31
425.204
425.642
425.995
426.077
426.001
424.868
425.076
424.965
424.659
425.173
425.373
426.113
425.735
425.409
425.834
426.023
426.879
427.105
427.326
427.074
426.499
426.823
427.682
428.197
428.432
428.491
428.888
426.091
426.322
426.463
427.263
426.227
425.912
426.087
423.308
423.279
423.543
423.866
424.04
422.846
422.6
421.2
420.748
420.737
420.927
423.443
423.438
423.582
422.793
422.689
423.204
425.09
424.728
425.112
425.281
425.238
425.393
425.623
426.611
429.677
429.637
429.603
429.753
428.948
428.695
430.44
430.296
430.517
430.948
431.51
429.297
429.199
429.47
429.663
429.603
429.521
429.387
426.912
426.932
427.781
428.929
429.232
429.055
429.447
429.177
429.223
429.203
432.079
432.075
431.908
431.543
431.944
432.393
432.53
435.585
435.433
435.319
435.367
435.241
435.787
435.759
437.34
437.311
437.754
437.979
436.272
433.453
432.891
433.435
433.114
433.369
433.033
432.675
428.988
428.682
428.607
427.964
427.679
427.336
427.132
427.265
427.228
426.824
427.467
427.809
427.514
427.78
427.14
427.106
426.132
428.221
428.457
428.452
428.917
427.502
427.575
427.823
430.336
430.464
430.323
430.252
429.669
430.025
428.209
428.409
427.37
427.148
427.081
426.732
426.904
426.967
427.228
427.504
427.511
427.341
427.155
426.563
426.222
426.39
427.268
427.608
427.739
428.424
427.952
424.987
426.63
429.473
429.879
429.536
429.955
427.012
427.069
427.759
431.031
431.197
431.73
432.444
427.347
424.337
423.235
423.05
423.63
423.79
422.596
422.446
420.08
420.091
420.836
420.807
419.522
417.504
417.399
417.026
417.199
419.093
419.395
419.555
416.975
417.088
417.094
417.246
417.831
417.827
419.517
419.455
420.974
421.171
421.634
422.058
422.15
421.741
421.979
421.704
421.832
421.879
422.465
423.042
423.471
423.762
423.912
423.262
423.146
422.672
423.419
426.19
426.493
426.701
426.035
426.532
426.651
429.303
429.496
429.274
428.937
428.035
427.47
427.173
432.35
435.151
436.227
435.914
434.219
434.048
435.096
435.377
437.493
436.876
436.527
435.976
437.857
440.078
439.922
440.428
440.376
440.081
439.386
438.992
441.633
441.691
441.616
441.271
439.085
438.624
438.41
438.838
436.989
437.065
437.149
436.537
434.561
433.652
433.044
432.547
431.776
431.215
430.554
425.96
425.195
424.723
423.9
423.984
423.846
423.892
422.446
422.267
422.138
421.904
422.54
422.44
422.32
422.124
421.792
421.58
421.797
422.575
422.231
420.248
420.007
420.063
419.97
419.932
420.708
420.311
419.878
419.105
419.27
419.207
419.108
419.584
419.545
419.519
419.085
418.907
418.657
418.425
418.63
418.543
418.671
417.493
417.254
417.146
418.831
418.831
418.666
418.624
420.181
419.579
419.106
419.585
421.086
422.261
422.165
422.962
422.731
423.062
423.613
427.36
428.12
428
428.678
428.25
428.444
428.279
429.05
429.082
429.1
429.175
428.764
426.786
424.328
424.272
424.457
425.058
425.118
424.639
425.321
427.434
428.205
428.515
428.834
429.18
429.247
429.521
430.397
431.321
431.342
431.743
432.029
432.152
431.619
431.9
432.47
432.421
432.276
432.361
432.704
431.007
429.921
430.313
430.47
430.763
430.689
430.86
430.23
429.957
429.454
429.774
429.529
429.342
429.116
428.355
428.508
427.848
428.241
427.204
426.901
427.387
426.371
426.38
425.759
425.873
425.277
425.311
425.768
423.992
423.72
422.697
423.039
424.703
427.062
427.045
425.992
425.331
424.752
425.138
424.774
424.328
423.902
423.489
423.022
423.121
423.359
423.394
422.352
421.177
420.783
420.548
420.362
419.797
420.283
420.241
419.867
419.499
418.956
418.721
417.708
419.176
419.984
420.123
419.675
419.628
419.802
418.451
419.176
419.523
419.769
417.472
417.487
417.128
415.98
415.187
415.205
414.536
414.642
415.538
413.985
412.45
412.574
412.39
410.221
410.247
410.009
409.909
409.729
411.187
411.336
411.456
410.749
410.332
408.6
408.44
408.851
408.585
408.91
408.783
408.875
409.408
409.73
409.97
410.279
409.723
409.647
409.944
410.759
411.667
412.066
411.735
411.758
411.791
411.687
411.396
411.369
411.671
412.069
412.129
412.503
412.367
412.4
412.479
412.331
412.098
411.836
412.649
412.471
412.199
412.384
414.884
415.336
414.827
416.286
417.708
417.766
418.355
418.431
418.599
412.106
413.572
414.342
414.409
417.15
417.563
415.806
414.357
414.347
412.639
412.99
414.057
415.144
415.226
416.029
416.489
415.509
416.386
416.428
416.818
417.078
417.151
416.788
416.793
416.752
417.161
417.09
414.21
413.869
412.137
410.5
410.883
410.527
410.259
410.538
409.964
410.077
409.833
409.715
410.079
409.654
409.547
409.709
409.813
410.1
408.749
408.94
408.763
408.705
408.751
408.577
408.618
408.272
408.881
406.036
406.274
406.12
406.046
405.787
405.539
413.538
413.152
412.888
413.054
412.825
412.508
414.682
416.041
415.172
417.089
416.534
415.953
415.367
415.868
416.753
416.222
417.736
417.806
418.227
418.073
417.823
417.356
417.607
415.864
415.989
415.966
415.984
418.917
418.788
418.872
420.583
420.872
421.202
421.389
420.573
421.393
421.332
421.772
422.33
422.166
422.926
423.308
423.446
423.181
422.476
423.778
423.444
423.207
422.717
421.642
420.747
420.273
419.824
419.362
422.201
421.596
421.543
421.406
420.857
420.571
419.595
419.762
419.779
419.389
418.621
418.878
418.694
419.01
419.5
419.43
419.47
415.834
415.829
415.6
415.823
415.492
415.464
415.072
414.561
414.361
414.602
414.401
413.995
415.766
415.311
414.517
414.014
413.767
413.44
414.337
414.203
413.548
413.589
413.514
414.311
414.431
414.605
414.424
414.162
413.422
413.122
413.186
412.975
413.244
414.036
413.872
413.461
414.321
414.85
415.908
416.452
416.583
416.777
417.317
417.276
417.821
418.074
418.275
418.633
418.738
418.647
418.692
417.421
417.954
418.996
419.169
419.676
417.042
417.666
417.722
417.959
421.984
422.198
422.299
421.013
421.428
421.28
421.288
420.74
420.959
420.596
421.184
421.341
421.471
421.434
422.423
423.164
423.055
421.053
421.878
421.441
422.208
422.02
422.549
422.426
422.487
422.411
422.488
422.309
422.995
423.061
422.88
420.208
420.435
420.271
420.957
419.999
419.74
419.806
419.11
419.152
419.486
419.784
419.534
419.663
419.377
416.591
416.621
416.723
417.004
417.437
417.562
418.755
415.581
415.479
414.254
413.719
415.95
415.845
415.231
415.269
415.295
415.389
415.943
417.453
417.813
418.336
418.322
419.021
419.398
420.017
419.946
420.032
420.315
419.933
419.642
419.506
418.845
421.69
421.844
421.875
420.839
421.05
420.944
421.096
421.343
421.575
422.024
422.019
422.033
422.104
422.331
425.352
425.449
425.808
425.338
426.716
427.021
426.857
427.38
427.762
427.49
427.086
424.681
424.771
425.082
426.37
425.01
425.51
424.789
425.302
425.71
426.145
429.577
429.601
431.168
431.633
431.617
431.68
432.568
427.531
427.327
427.145
426.799
426.729
426.857
426.443
426.685
426.914
426.287
425.887
425.82
425.935
425.607
426.437
426.713
426.952
428.043
424.139
424.118
424.761
425.718
426.034
426.457
426.809
424.023
423.852
423.78
424.323
424.744
425.218
425.537
425.128
425.198
425.338
425.52
425.891
426.19
425.453
425.279
425.725
426.041
426.501
429.824
429.744
430.125
431.467
430.124
429.834
431.219
431.566
431.893
432.164
432.419
432.509
432.29
432.762
433.513
434.185
434.451
440.265
440.688
440.15
440.391
440.321
440.216
440.496
440.759
440.701
440.879
441.061
441.315
441.541
441.765
441.987
439.925
439.841
439.859
444.427
444.249
444.372
444.23
443.661
443.042
439.736
442.524
442.932
442.722
442.409
441.829
441.857
441.28
441.76
441.508
441.04
441.007
439.319
438.773
438.978
439.618
439.245
439.228
439.429
438.922
438.683
437.979
438.296
441.642
441.449
438.978
438.699
436.208
435.144
434.922
434.721
435.243
435.214
435.241
434.668
433.992
432.836
432.332
433.191
433.276
433.419
433.697
433.796
430.975
430.477
430.778
430.802
429.882
429.267
429.007
426.32
428.155
428.291
426.977
426.883
426.893
426.544
425.624
424.197
424.715
427.388
427.429
427.144
426.88
426.159
426.639
426.492
426.82
426.773
427.112
427.242
426.306
427.898
428.081
428.977
428.834
425.794
424.1
423.444
423.672
424.252
425.064
425.292
425.411
425.406
426.744
426.796
427.375
427.923
428.098
426.032
425.884
424.946
424.799
424.831
424.902
425.718
424.284
422.478
421.865
421.803
421.866
422.046
424.477
425.245
425.334
425.455
425.645
426.347
426.842
429.59
429.919
429.906
431.441
430.862
430.936
430.913
432.198
433.376
433.338
432.933
432.863
433.116
433.664
434.448
431.888
430.618
430.543
430.462
430.378
430.889
430.037
429.946
429.994
429.767
429.833
432.328
433.809
434.181
433.833
433.499
431.562
431.188
429.722
430.214
430.555
430.358
431.641
430.924
430.557
432.979
432.185
432.552
432.335
431.977
431.552
431.316
432.414
434.054
434.98
434.966
434.805
435.019
435.708
435.698
430.609
430.568
431.362
431.131
430.766
430.395
430.429
429.596
429.716
430.324
428.513
429.001
428.015
428.498
426.812
427.085
427.436
427.374
426.989
426.99
427.143
427.835
428.413
428.557
428.658
428.504
430.743
430.985
429.213
429.647
429.487
429.864
429.998
430.564
430.805
430.114
431.727
432.439
433.862
434.202
434.583
434.853
434.507
432.44
432.693
432.477
432.563
432.297
432.273
432.414
432.285
431.895
432.447
432.049
431.24
431.073
430.93
429.36
428.657
428.093
432.824
432.706
432.701
432.88
432.619
432.923
432.65
433.454
433.369
433.296
434.851
433.99
434.87
434.694
436.33
436.284
435.889
435.733
435.926
435.582
437.47
437.592
436.249
435.246
434.487
434.252
433.507
433.309
434.877
434.383
434.356
434.382
433.955
433.117
433.134
433.498
433.295
432.997
432.884
431.245
430.382
430.149
430.475
433.521
433.408
433.257
433.73
433.336
433.4
433.3
434.301
434.82
434.668
434.939
434.88
434.242
433.944
434.939
434.733
435.105
434.762
434.396
431.047
430.642
430.778
428.418
428.19
427.498
426.152
425.799
426.295
426.5
426.128
426.386
425.564
424.85
424.848
424.575
423.594
423.711
423.879
423.711
422.22
422.717
423.31
422.812
422.964
422.541
422.505
421.802
421.787
421.688
422.026
422.216
421.897
421.89
421.329
421.02
420.802
421.798
422.314
422.34
422.29
421.804
418.932
418.662
418.571
419.153
419.351
419.151
418.69
418.067
417.684
417.888
418.161
418.488
418.629
418.594
418.239
417.127
417.189
417.674
420.615
420.738
419.511
421.443
421.817
422.426
423.404
423.413
423.275
423.883
423.676
421.638
422.161
422.849
422.794
422.684
423.488
420.473
419.929
420.155
421.958
422.126
421.808
421.849
421.598
421.869
421.999
422.376
422.309
422.632
420.652
419.781
419.89
420.149
420.853
420.953
417.509
416.999
416.68
416.609
416.295
416.298
418.978
419.279
417.55
417.426
416.951
416.765
416.741
416.84
416.985
416.233
415.995
415.895
416.045
415.889
416.25
417.297
414.997
414.789
414.925
409.896
411.122
410.796
410.171
410.021
410.399
410.694
410.367
409.771
410.015
411.455
411.728
412.127
412.058
412.153
411.911
414.473
415.207
415.097
415.397
415.002
414.893
415.14
415.464
415.28
414.034
414.258
414.219
413.675
415.314
416.081
415.917
415.631
415.768
416.028
419.803
420.511
421.031
421.481
421.475
421.91
422.201
422.498
424.298
424.704
424.856
425.533
425.001
425.211
425.532
425.995
426.265
426.469
426.508
425.97
426.178
425.858
428.475
428.141
427.937
433.368
432.607
432.999
433.657
433.645
433.205
433.095
433.409
432.47
432.436
432.694
432.551
430.447
430.38
430.572
430.426
430.697
430.467
430.748
430.503
430.811
430.612
430.262
430.134
430.559
431.626
431.642
431.454
430.188
429.517
429.337
429.356
429.369
428.898
428.476
428.08
427.637
427.558
427.261
427.601
427.637
427.181
426.817
426.659
426.521
426.515
426.236
426.608
425.989
424.438
424.475
422.968
423.112
423.015
423.81
422.448
422.736
422.316
422.647
422.66
422.346
423.048
423.311
423.36
423.473
423.152
423.227
423.326
423.792
424.045
424.278
424.207
425.19
425.634
425.896
426.464
427.073
427.352
427.588
427.496
427.58
428.195
427.661
426.73
426.19
426.462
426.235
426.674
428.579
429.645
430.11
430.13
430.493
430.873
430.588
430.651
431.122
430.676
430.511
430.441
430.012
429.382
429.476
425.944
425.772
425.669
425.413
425.423
425.939
427.193
427.094
428.278
427.952
427.876
426.648
427.739
427.686
428.031
427.685
427.1
424.438
423.776
422.685
417.444
414.344
414.535
413.596
410.028
410.565
410.45
410.458
410.39
410.891
410.021
408.862
408.661
408.039
407.608
407.453
407.387
406.994
401.771
401.247
402.108
402.103
402.091
402.15
401.875
401.921
401.782
401.907
401.758
401.482
401.491
399.521
399.453
399.34
399.768
400.063
400.055
400.047
400.004
399.985
402.871
403.203
403.225
403.744
403.968
403.564
403.975
404.479
402.313
402.346
402.317
403.377
401.104
400.061
399.501
397.837
398.081
400.567
400.521
401.358
406.212
408.766
408.623
408.075
411.027
410.439
410.324
410.091
410.059
410.012
410.428
411.501
408.661
408.929
408.973
408.674
408.727
408.164
413.458
414.325
414.553
415.267
415.343
415.874
415.963
415.467
412.513
407.578
407.623
407.289
407.17
409.445
408.648
408.46
408.363
407.925
408.107
408.07
408.806
408.205
406.633
406.079
405.928
405.515
405.376
405.963
403.418
402.984
405.531
405.818
405.881
405.875
408.345
409.449
410.055
411.769
411.606
410.663
411.537
411.378
411.157
411.435
411.574
412.87
413.372
413.91
413.972
411.911
411.809
412.023
411.859
411.368
414.413
414.084
413.992
414.104
412.682
413.606
413.387
414.107
414.049
413.553
413.565
413.231
413.253
413.254
416.218
410.312
409.782
410.22
409.662
409.216
409.883
409.305
409.023
409.091
408.717
408.606
408.683
409.185
410.573
410.379
410.205
410.383
410.221
409.86
412.118
411.837
411.624
411.697
411.46
411.279
411.355
411.336
411.346
411.444
411.721
410.899
410.809
410.802
410.73
410.856
407.915
407.951
407.657
407.809
407.595
409.667
409.277
408.991
409.179
409.394
409.131
409.383
409.382
408.707
409.984
409.883
409.808
409.867
409.921
410.064
408.792
408.741
409.027
409.414
409.14
419.692
420.717
420.903
420.405
421.213
421.325
422.103
422.229
422.281
422.193
422.224
422.187
420.971
421.298
421.993
422.092
421.834
422.123
422.396
422.512
422.798
422.456
422.152
421.859
421.648
421.601
421.426
421.798
421.933
421.348
423.26
423.032
423.036
423.018
423.128
426.604
426.244
426.262
423.511
423.672
423.873
424.396
423.984
424.246
424.548
424.31
424.187
424.711
425.534
426.055
426.546
426.5
425.834
425.652
425.43
424.303
424.455
424.494
424.109
423.658
424.016
423.884
423.564
424.445
423.718
423.009
420.226
420.255
417.868
417.965
414.589
412.719
414.075
414.022
413.637
413.77
414.013
414.214
414.167
411.828
411.398
411.857
411.821
412.281
412.509
412.613
412.068
411.616
411.39
412.155
411.364
411.602
411.431
411.02
410.945
410.774
410.973
411.083
413.682
413.948
413.164
413.211
414.045
413.944
413.838
414.383
414.439
413.671
413.462
412.817
412.572
412.39
409.929
408.908
408.321
410.694
410.697
410.479
410.741
411.593
411.123
410.479
410.673
410.598
410.908
411.418
413.393
413.458
413.507
413.432
416.891
418.491
418.271
418.403
417.765
417.972
418.056
417.861
416.678
418.688
417.656
416.839
417.338
417.101
417.008
416.572
417.115
417.545
417.677
416.14
417.016
416.741
416.843
416.967
416.527
416.099
416.269
415.918
414.993
412.35
412.111
411.737
410.855
410.791
410.718
410.157
410.313
410.904
411.424
411.951
412.207
412.524
414.341
415.422
416.601
416.106
409.15
409.098
409.112
407.895
407.767
408.364
405.793
405.968
406.143
406.346
406.942
406.651
408.933
408.966
407.585
407.942
408.256
408.466
409.574
409.468
406.105
404.645
405.78
406.12
407.546
408.458
408.001
407.082
407.557
408.166
408.656
408.48
408.652
409.732
409.298
408.788
408.863
409.329
409.636
410.293
410.168
406.669
407.215
409.761
410.712
411.41
412.543
412.65
412.954
413.386
413.38
412.991
412.757
412.764
412.385
412.362
413.948
414.278
413.418
413.712
420.846
421.089
420.53
421.948
422.336
422.018
424.979
425.173
425.106
424.903
425.089
425.461
424.657
424.953
426.721
426.794
426.69
426.704
426.59
426.955
430.9
432.735
432.901
433.304
433.191
432.693
433.285
434.83
432.702
432.431
431.971
431.152
431.245
431.618
432.148
432.447
432.806
432.91
432.977
432.698
433.171
437.558
438.067
438.156
438.078
437.968
437.214
437.287
437.059
437.432
437.654
437.818
437.855
437.492
437.815
437.995
437.652
437.176
437.911
437.967
438.007
437.479
437.996
437.56
437.995
438.57
438.585
438.591
438.137
438.134
437.999
437.758
437.419
437.432
437.688
436.884
437.011
437.091
436.811
436.66
436.507
436.724
435.621
435.166
435.702
436.238
435.952
435.843
437.668
437.495
437
437.822
437.568
437.687
437.891
438.624
438.66
438.031
438.384
438.577
437.959
438.1
438.001
437.711
437.167
437.054
437.668
437.742
438.131
437.908
437.857
437.983
437.908
438.364
438.208
438.161
438.344
437.701
437.776
437.772
437.955
438.614
438.903
439.291
439.107
439.177
438.107
438.2
438.79
438.99
439.327
439.272
440.653
440.454
439.673
440.41
440.28
440.085
440.143
440.014
439.896
439.071
440.093
440.508
440.448
440.25
440.087
439.769
438.889
439.016
439.567
439.448
439.834
439.168
438.794
437.728
437.487
437.935
435.425
434.987
435.65
435.873
435.595
435.804
435.186
435.145
435.14
435.237
434.989
434.698
434.438
434.744
435.231
435.561
435.566
435.867
435.69
435.99
435.744
435.725
435.568
435.142
434.805
434.573
433.872
433.529
434.404
434.434
434.163
433.943
433.548
433.042
431.452
431.536
432.085
432.292
432.484
432.556
431.533
431.334
431.58
432.307
432.601
432.558
432.075
427.281
427.512
427.891
428.512
428.942
428.976
429.323
429.409
429.614
429.989
431.002
431.068
431.359
432.992
433.24
430.259
430.27
430.46
430.43
430.404
430.285
430.312
429.754
429.633
429.816
429.914
429.675
429.276
429.042
428.683
428.522
428.559
428.915
428.915
429.249
429.127
428.886
428.729
428.863
429.821
429.623
429.567
429.229
429.987
427.744
427.512
425.76
426.844
427.325
427.354
426.972
425.832
425.601
426.63
426.982
426.979
426.811
426.772
425.563
425.639
428.326
428.205
428.111
428.353
427.907
427.761
427.375
426.932
427.157
427.184
427.378
427.698
425.525
426.224
426.339
428.81
428.202
428.409
428.162
426.583
426.933
426.834
427.212
426.957
426.743
423.493
423.509
423.472
423.248
423.64
423.298
423.031
420.434
420.375
419.917
419.576
419.8
419.951
419.897
417.247
416.882
416.944
415.602
415.216
418.006
416.387
417.993
418.448
418.424
418.415
418.498
419.49
419.616
419.573
419.646
419.425
419.46
419.383
420.386
420.704
422.823
420.27
420.316
420.392
420.524
420.375
420.651
420.786
420.311
420.165
419.669
419.543
420.241
420.169
420.036
419.466
419.791
420.023
419.961
422.449
422.036
422.151
421.485
421.653
421.875
424.634
424.801
424.952
425.446
425.234
425.409
425.74
427.405
426.716
426.421
426.738
426.827
426.58
425.995
428.329
428.802
428.838
430.149
430.064
428.753
430.556
431.435
431.221
431.054
431.009
430.954
430.246
430.319
430.623
430.562
430.875
430.947
431.023
430.334
430.368
430.155
433.05
432.773
432.837
432.441
429.791
429.678
429.846
430.537
430.579
429.303
428.251
428.962
428.7
428.786
429.631
429.707
429.355
429.204
428.486
427.737
427.264
428.148
428.203
428.343
428.998
428.715
428.813
428.874
429.448
429.659
429.461
430.875
431.918
429.886
430.049
430.393
431.239
432.164
432.211
432.764
432.75
433.01
432.806
433.846
433.354
433.558
433.605
433.313
432.836
432.798
433.562
432.143
432.323
432.087
431.996
430.227
429.884
430.671
430.856
430.874
430.519
430.699
429.812
430.201
433.108
432.988
433.15
433.149
433.281
432.055
432.557
432.254
432.212
432.419
432.26
431.969
430.232
430.565
431.452
432.214
432.296
432.007
432.173
429.109
428.696
428.726
428.638
427.886
427.595
427.4
426.687
426.562
426.313
428.928
428.387
427.916
427.769
426.243
426.424
426.512
426.389
426.061
426.139
425.893
426.051
425.769
425.973
426.337
426.994
427.384
427.54
426.956
425.781
424.746
422.441
424.152
424.633
424.532
422.609
422.816
422.896
423.192
423.973
423.844
423.968
423.577
423.256
423.261
423.062
425.749
426.071
426.706
426.815
426.147
426.147
426.545
428.312
428.661
428.87
429.128
426.933
427.058
427.273
429.952
430.379
430.427
430.212
429.988
429.789
430.094
430.966
431.428
431.506
431.585
432.121
432.4
431.737
432.872
433.064
430.64
431.024
431.375
431.722
432.007
432.899
432.807
432.592
432.25
432.075
431.263
431.291
433.548
434.564
436.035
438.235
438.306
438.149
437.612
439.039
438.87
437.382
437.095
436.685
436.641
436.1
436.382
436.306
436.2
436.104
435.833
436.058
435.569
435.658
436.021
435.673
435.248
435.518
435.261
433.452
433.784
436.222
436.106
436.076
436.386
436.101
435.776
435.642
436.54
436.734
436.377
436.18
435.777
435.486
433.831
433.611
433.621
433.72
433.678
433.329
435.154
434.715
434.838
434.488
434.485
434.365
434.72
434.912
434.725
434.568
435.05
433.386
433.462
432.983
432.748
432.138
432.065
431.829
432.814
433.414
433.532
434.976
435.162
435.794
436.255
436.863
437.141
436.601
436.633
436.306
436.109
435.961
436.426
434.716
431.441
431.892
432.127
431.628
431.526
433.263
432.446
432.258
432.348
432.408
430.696
430.683
431.078
431.366
430.803
430.612
430.69
430.598
430.384
429.745
431.224
431.312
430.535
430.521
428.061
428.166
427.949
428.251
428.134
427.97
427.902
427.213
426.923
426.89
427.084
427.259
427.327
428.722
427.856
427.438
425.515
425.445
425.05
424.904
424.818
423.794
423.32
422.816
421.388
420.863
420.095
419.879
416.439
416.918
416.824
416.762
416.93
416.759
416.316
417.225
420.179
419.789
419.678
419.664
419.642
419.324
419.482
419.488
419.115
418.622
419.813
419.529
419.557
418.584
418.706
418.845
418.924
418.539
418.076
418.265
417.605
417.544
418.117
418.225
420.594
419.793
420.149
419.577
419.752
420.23
420.392
420.586
420.434
420.347
419.597
419.261
419.354
418.909
419.204
419.571
421.44
421.67
422.126
422.263
421.923
422.143
422.285
422.923
423.59
423.758
424.059
424.05
427.261
427.134
426.925
426.799
426.27
426.271
426.705
427.188
427.318
427.455
427.648
427.214
427.358
425.759
426.231
426.267
426.444
426.413
426.559
426.851
425.382
426.511
426.731
426.819
426.937
427.378
427.914
428.628
429.225
429.501
429.688
429.682
428.728
429.404
429.322
429.79
429.387
429.038
428.848
428.869
428.622
428.478
429.476
429.592
429.579
430.216
430.495
431.096
427.025
427.249
427.094
427.021
426.903
426.936
427.43
427.739
428.586
429.01
429.071
429.208
429.108
427.937
428.333
428.966
429.471
429.908
430.305
430.238
427.558
427.811
427.71
428.526
428.698
430.669
430.726
428.648
428.893
429.398
429.819
429.729
431.338
431.136
430.396
428.641
428.475
428.346
428.405
426.628
426.837
425.556
424.982
424.972
426.183
426.296
426.493
426.672
426.065
426.381
426.494
426.027
426.562
426.682
426.29
426.077
426.175
426.034
425.885
425.754
429.649
430.128
430.003
430.377
431.041
431.637
428.778
428.33
427.89
427.518
427.034
426.017
426.092
424.544
424.373
424.235
424.484
424.111
424.258
423.884
426.402
426.264
426.027
425.7
424.527
424.442
424.376
426.618
426.699
426.448
426.301
426.366
425.811
425.557
424.676
426.259
426.254
426.247
423.487
425.157
424.826
425.995
426.38
426.31
426.226
423.235
423.368
423.465
424.38
424.558
424.721
425.348
424.286
423.966
423.804
423.756
423.218
422.621
422.29
419.381
418.994
418.722
418.633
418.551
418.021
414.78
417.026
417.224
417.041
417.002
417.293
417.872
417.053
419.928
420.22
420.31
420.38
420.193
420.1
420.78
420.438
420.491
420.555
421.007
422.055
421.731
421.468
421.153
421.07
420.889
420.836
421.131
421.52
421.806
422.701
422.61
422.875
423.294
426.114
426.256
426.783
426.882
426.119
426.072
426.175
429.04
429.05
429.02
429.18
427.175
427.202
427.503
428.599
429.168
429.942
430.458
430.424
431.276
431.487
434.531
434.997
434.984
434.543
433.845
433.588
436.703
436.803
436.788
436.572
436.111
436.172
436.234
437.105
437.066
436.766
436.448
436.319
436.594
435.551
434.979
435.64
435.66
435.685
435.065
434.799
434.252
434.104
433.898
433.396
433.2
432.958
432.771
430.144
429.923
430.531
430.635
430.348
429.95
429.698
426.989
426.648
426.457
426.551
426.453
425.835
425.533
424.93
424.422
423.858
425.396
424.85
420.791
417.886
417.342
417.286
416.955
417.282
416.445
416.613
413.747
413.619
413.571
414.116
414.322
414.372
414.551
413.128
411.246
411.962
411.975
411.419
411.511
410.844
410.66
410.698
411.152
410.406
408.701
409.539
409.525
409.462
409.726
409.912
409.243
409.252
409.99
409.981
410.09
409.991
409.922
409.406
409.044
411.408
410.768
410.206
409.845
409.847
409.897
409.749
412.007
411.572
411.357
410.958
410.376
410.595
410.414
410.855
410.181
410.315
410.375
410.602
414.103
416.861
417.121
415.761
415.745
415.117
415.479
415.162
417.857
417.914
417.688
417.341
417.495
417.939
417.812
417.102
418.635
417.872
418.342
418.903
419.147
420.159
420.169
419.875
419.112
419.748
419.962
419.788
420.359
420.164
419.649
417.285
418.257
418.104
417.656
417.53
417.626
417.484
416.498
417.193
417.356
417.133
417.298
416.711
417.164
416.831
416.137
416.414
416.351
416.922
417.369
418.547
418.893
419.11
419.603
419.303
420.234
420.23
420.037
419.28
418.891
419.01
418.038
418.993
418.938
418.368
417.987
418.178
418.27
418.321
418.8
419.006
418.856
416.557
416.706
418.631
417.277
417.505
417.482
417.676
416.853
416.702
416.673
416.937
417.182
417.104
418.623
417.211
416.979
417.116
417.065
419.041
419.06
419.322
417.239
415.856
415.502
415.97
417.014
416.79
416.11
414.366
414.687
415.627
415.526
415.488
416.135
415.115
415.247
415.178
414.825
414.623
415.308
414.975
413.915
413.985
414.068
414.147
414.515
414.836
415.36
414.672
415.664
415.805
415.95
416.682
416.767
416.586
415.538
415.674
415.058
415.018
414.878
416.723
416.899
416.465
418.275
418.695
418.785
419.072
419.534
419.657
419.961
419.85
420.091
420.222
420.546
419.835
419.635
419.303
419.085
419.592
419.85
419.529
422.378
424.445
425.14
422.878
423.109
423.384
423.698
425.488
425.768
426.129
423.555
424
424.403
425.173
425.386
425.579
425.921
423.683
423.251
423.4
424.386
424.062
423.783
423.731
423.129
423.369
423.499
423.616
423.524
422.104
422.198
422.068
422.204
422.549
423.624
423.557
424.009
424.564
424.375
424.534
424.449
425.274
424.945
425.048
425.063
424.262
424.399
424.463
424.707
424.739
424.714
424.704
424.695
424.375
424.735
425.376
426.228
426.159
425.875
426.071
425.767
425.784
425.554
427.8
428.19
427.914
428.143
428.312
428.46
428.112
430.824
430.958
430.801
428.647
427.927
427.687
427.61
430.013
430.205
430.062
430.244
430.185
430.657
430.828
431.465
431.701
429.477
429.956
429.413
430.744
430.604
431.374
431.775
431.134
431.477
431.15
430.053
429.768
430.706
431.141
431.292
431.259
430.714
429.87
429.659
430.16
430.442
430.674
430.7
426.586
426.748
426.906
425.025
427.419
427.483
427.272
424.841
424.716
424.929
424.845
425.127
425.214
425.642
425.692
425.381
425.732
424.34
423.058
422.889
423.07
423.139
422.049
422.481
425.154
425.736
425.666
425.681
425.921
425.612
426.006
426.346
427.094
427.112
427.158
427.145
427.347
429.482
429.546
430.564
430.727
431.339
431.748
432.226
431.023
431.082
431.854
433.044
433.056
432.888
432.589
430.791
430.772
431.543
432.288
432.516
432.79
433.113
432.944
432.219
436.937
437.177
437.205
438.691
439.032
438.282
435.499
437.687
438.118
438.287
438.786
438.838
438.288
437.488
437.678
437.687
437.674
439.505
440.883
440.87
440.679
440.072
441.034
440.533
440.694
440.729
440.828
440.728
438.169
438.566
438.395
437.923
437.771
437.85
438.104
436.392
436.403
436.865
436.934
434.799
434.554
434.214
430.95
430.54
432.665
432.28
432.182
432.191
432.136
429.325
429.376
431.25
431.228
431.568
431.701
431.982
429.487
429.145
429.247
428.799
428.519
428.329
428.443
426.126
425.842
426.569
429.39
429.767
429.57
429.299
426.671
426.371
425.421
426.014
426.258
425.982
426.105
422.82
422.775
422.869
422.94
423.576
423.801
423.769
420.773
420.75
420.429
420.532
422.535
422.81
423.117
422.739
423.008
422.763
422.742
424.648
424.67
424.401
423.699
425.697
426.28
426.372
429.199
429.091
428.913
429.293
427.801
427.642
427.602
429.865
429.62
429.62
429.788
429
429.33
429.023
431.728
431.789
431.59
432.741
431.732
431.647
431.617
434.325
434.24
433.58
432.953
432.638
431.34
431.817
434.78
434.661
435.83
435.735
435.764
435.509
435.541
439.227
439.4
439.289
439.426
439.132
438.345
438.267
441.057
440.904
441.462
441.401
441.629
441.384
440.836
442.076
442.237
441.632
441.366
440.813
440.8
440.25
440.816
440.698
440.313
439.644
439.681
439.677
438.391
438.123
439.15
439.287
439.376
440.286
440.939
440.799
440.486
441.164
440.693
440.897
440.143
440.196
440.061
439.241
440.322
440.235
440.192
440.239
440.769
441.372
441.89
441.783
443.047
442.536
441.848
442.249
440.414
440.509
440.016
440.784
440.699
440.827
441.006
441.204
440.975
437.23
438.003
437.968
438.137
438.41
438.252
437.461
436.764
435.146
435.469
434.941
434.392
435.216
433.927
433.248
433.089
433.181
431.646
431.706
431.635
431.764
430.752
430.861
431.916
432.221
432.559
432.609
432.559
431.754
431.343
431.609
431.748
431.724
431.861
431.793
432.407
432
432.337
433.178
433.119
432.982
427.92
426.217
425.117
425.223
425.008
425.006
424.775
423.88
423.101
421.656
423.459
421.394
420.997
420.67
420.483
419.746
419.754
420.066
420.364
423.987
423.828
424.207
424.001
424.065
424.266
425.009
425.545
427.173
427.372
427.224
424.727
424.348
425.332
425.888
426.064
426.546
428.058
424.868
425.182
425.294
426.293
425.912
426.102
425.956
423.907
423.96
423.937
424.843
425.006
424.95
424.993
421.916
421.095
421.099
420.678
421.023
421.234
420.928
420.534
420.268
425.143
426.935
428.128
428.258
428.715
429.054
429.279
430.037
431.353
432.882
432.644
434.582
435.322
432.632
432.674
433.266
433.088
433.042
430.087
428.403
428.139
428.137
428.07
428.064
427.753
427.549
427.546
427.532
427.099
427.012
429.697
430.3
430.607
430.697
429.91
429.592
429.923
432.853
432.677
432.446
431.636
429.791
429.427
429.279
431.409
430.907
430.558
430.019
429.486
429.148
429.087
432.322
432.699
432.181
432.042
432.185
431.227
430.973
430.976
431.376
430.929
430.865
430.144
429.691
429.549
429.377
429.006
428.867
428.538
428.395
427.659
427.698
427.453
429.715
426.837
425.188
425.058
423.943
426.406
427.672
427.869
427.336
427.484
426.924
426.938
426.96
426.529
425.734
425.971
426.414
426.503
425.015
424.808
424.83
425.2
425.478
425.099
425.494
424.935
425.295
425.869
427.723
427.993
427.766
427.546
426.827
426.539
426.351
426.388
426.111
426.439
426.042
425.546
425.704
426.303
425.953
426.61
426.95
427.148
426.873
426.659
426.281
426.631
426.764
426.535
426.551
426.712
423.721
423.951
423.7
424.281
424.434
424.72
424.928
425.297
426.682
426.959
427.446
427.819
428.401
428.252
425.537
425.368
425.399
425.305
425.261
425.219
425.359
424.548
424.643
424.341
425.257
425.434
425.358
424.862
424.206
424.296
424.171
424.689
424.616
424.409
424.52
423.791
423.82
423.842
425.357
426.323
426.829
427.022
426.762
426.396
426.411
427.127
427.353
427.014
426.968
426.61
426.112
426.312
426.541
421.723
421.587
421.439
419.663
419.804
419.404
419.428
422.674
422.492
422.698
419.769
419.679
419.478
418.04
420.442
420.21
420.074
419.853
419.509
419.423
419.179
421.913
421.676
421.713
421.201
421.25
421.581
420.735
419.267
418.638
418.604
417.79
417.23
417.114
417.243
417.287
417.192
416.693
416.332
416.314
416.656
416.689
417.018
417.01
417.217
414.098
413.594
413.464
413.433
413.773
413.649
412.252
412.382
412.246
412.015
409.409
408.591
408.56
405.586
405.353
410.008
409.788
409.626
411.291
410.914
410.39
410.507
409.859
408.591
408.491
410.793
410.093
410.037
411.617
411.697
412.051
412.124
412.47
412.05
411.065
411.156
411.196
411.091
411.076
411.219
411.143
411.034
412.379
414.365
413.96
413.736
414.518
414.475
414.02
414.413
414.845
414.798
415.322
415.552
415.652
415.158
414.777
415.236
415.21
414.788
417.422
417.402
415.864
415.484
415.629
415.853
417.187
416.832
417.016
414.742
417.618
418.313
418.878
421.628
421.894
422.242
422.335
422.219
417.395
417.132
417.799
417.268
416.957
418.144
417.912
418.68
419.389
419.585
419.179
418.273
418.19
417.663
417.161
417.636
418.228
418.378
417.989
418.249
418.135
418.662
418.534
418.594
418.338
417.722
417.81
417.785
417.994
416.59
417.433
417.552
416.741
416.841
416.679
416.701
416.712
417.084
417.589
416.228
415.924
416.05
415.75
416.009
417.031
417.095
416.662
416.595
416.457
416.651
416.329
418.86
418.322
418.061
418.137
418.139
418.328
418.348
418.895
416.463
420.806
421.506
421.745
422.302
423.3
423.155
423.318
423.092
423.208
423.328
423.549
424.573
423.856
424.328
424.898
424.144
424.462
424.175
424.538
424.655
424.988
424.598
424.584
424.683
425.017
425.458
425.811
425.946
425.732
427.019
426.883
426.535
427.169
425.123
424.651
424.439
424.077
424.225
423.942
424.988
425.269
425.231
425.254
424.072
422.102
422.712
423.112
423.318
423.404
423.528
423.598
423.596
424.166
424.693
424.596
424.935
424.679
423.949
423.767
426.671
427.038
426.893
426.708
426.185
425.145
425.031
424.795
424.83
424.756
424.611
424.822
424.268
425.276
424.912
425.093
426.004
425.78
426.122
425.16
424.524
424.519
424.752
424.844
425.073
425.036
424.947
424.268
424.255
424.194
424.701
424.136
423.865
423.704
425.06
425.535
425.746
425.688
425.281
425.527
425.561
423.071
423.132
422.996
422.651
424.87
419.528
416.489
415.258
409.635
404.965
403.386
403.103
402.718
402.661
400.634
398.997
398.249
395.874
395.632
395.427
395.359
395.205
395.459
395.828
396.323
396.47
394.878
394.707
394.623
394.591
394.314
394.304
392.612
392.654
392.517
390.86
390.982
390.777
391.668
392.12
392.212
392.244
391.954
391.488
390.48
390.626
391.29
391.173
391.249
391.346
391.569
391.586
391.892
392.334
392.002
392.241
392.577
393.051
392.646
392.605
394.444
394.404
394.614
395.675
395.607
400.23
402.911
403.547
408.947
413.292
414.829
414.466
414.685
414.793
416.977
418.497
419.127
421.995
419.414
418.936
418.92
418.532
417.765
417.319
416.904
416.844
418.286
418.614
418.469
418.553
418.837
419.122
420.724
420.643
420.773
422.594
421.885
422.01
422.098
422.58
422.443
421.997
422.464
422.857
423.95
424.059
424.015
424.306
421.985
422.174
422.334
422.728
422.961
423.268
423.6
420.522
420.28
419.639
419.579
420.009
418.457
417.954
418.343
416.631
416.796
416.853
416.936
417.474
416.536
416.932
417.325
418.076
418.098
418.379
418.647
418.917
419.565
420.189
423.53
424.326
423.884
424.734
425.621
425.499
426.658
427.049
427.986
427.996
428.314
427.988
428.283
428.075
428.077
428.577
427.186
426.69
427.327
427.708
427.598
427.513
427.909
428.267
428.127
426.367
426.326
426.304
426.469
426.671
428.892
428.469
428.442
428.263
427.372
427.018
427.276
430.413
430.683
430.966
431.769
428.314
430.838
431.914
431.791
431.846
431.907
430.344
428.569
428.488
428.731
428.71
429.024
429.443
429.864
429.465
429.151
429.273
428.553
427.721
426.709
426.717
426.837
426.809
426.705
426.681
426.352
426.128
425.928
425.322
425.156
425.035
424.686
425.044
425.097
425.071
425.792
426.25
426.351
424.688
424.826
424.895
424.437
424.12
423.719
425.468
425.69
425.716
425.532
425.584
425.044
425.317
425.444
425.817
426.362
426.756
426.559
426.538
425.655
425.351
424.807
427.861
427.357
427.053
427.135
428.517
428.341
428.897
430.821
430.913
432.119
432.264
431.004
429.768
429.42
429.432
429.078
429.079
429.74
429.473
430.19
430.074
430.721
430.615
430.719
431.688
428.523
428.575
428.577
429.278
428.978
429.181
428.993
428.256
427.981
428.137
428.711
428.759
428.742
430.376
430.212
430.127
430.161
430.897
431.367
431.214
431.336
431.582
431.149
431.338
431.979
431.988
431.86
431.731
431.621
430.15
430.319
430.124
431.335
431.766
432.014
432.068
430.825
430.931
431.181
431.744
431.794
432.399
432.398
432.596
431.864
431.483
432.184
432.861
432.45
432.656
432.76
432.108
431.68
432.422
432.412
432.402
432.212
432.305
431.694
431.359
434.491
434.414
431.097
428.854
429.203
428.696
429.406
430.401
430.849
430.703
430.852
430.774
427.868
427.605
427.542
427.14
426.642
426.437
426.6
425.971
425.41
424.847
425.609
425.239
423.967
424.073
423.81
423.864
424.154
425.317
425.169
425.074
424.79
422.231
422.301
422.455
423.986
424.144
423.925
423.836
423.248
423.212
423.196
422.955
423.465
423.865
423.975
423.497
423.747
423.88
424.2
424.63
424.573
424.548
423.854
421.867
422.026
422.12
422.434
422.627
422.76
421.746
424.973
427.212
427.679
427.886
427.569
427.487
425.329
424.793
424.412
424.944
427.891
428.265
428.573
428.495
428.555
428.797
429.038
430.19
430.478
431.149
429.702
427.228
428.692
428.484
428.744
428.683
428.466
428.659
426.293
426.595
426.315
428.896
428.386
428.122
428.022
427.341
427.094
427.279
427.997
427.887
427.786
427.8
427.689
427.34
427.365
427.735
427.781
427.871
427.881
428.015
425.255
425.29
425.056
426.135
426.193
425.931
424.836
424.687
424.503
425.596
425.85
425.83
425.584
425.706
424.806
422.149
424.336
425.022
425.467
425.287
425.435
425.442
425.466
426.046
427.125
427.019
427.185
427.203
426.66
424.895
426.062
428.167
427.19
427.299
427.077
426.077
424.192
423.804
425.951
425.968
426.397
426.041
421.601
421.148
421.267
421.739
421.695
421.469
420.392
420.37
420.147
420.111
419.955
420.117
420.079
419.347
419.372
419.387
419.474
419.445
421.746
421.81
422.017
423.179
422.884
422.792
423.709
423.725
423.53
423.262
422.316
421.821
421.228
420.419
421.24
423.639
423.352
422.497
422.036
421.826
421.577
421.218
421.144
421.085
419.73
418.932
416.418
415.773
415.082
416.2
415.542
415.666
416.187
416.094
416.094
416.844
418.729
418.929
418.576
418.673
418.756
418.785
423.203
423.501
423.467
423.553
423.944
422.314
421.375
420.246
420.378
419.663
420.156
418.912
418.79
419.283
419.272
419.197
418.247
417.954
418.319
418.076
418.687
418.459
418.201
417.939
416.239
416.3
416.532
417.261
417.965
418.352
418.831
419.691
419.695
419.586
419.716
420.449
420.766
421.192
418.985
419.375
419.39
419.138
420.553
421.606
423.761
423.632
425.271
426.299
427.659
428.27
429.184
426.535
426.131
426.619
423.092
423.729
424.536
424.507
424.607
423.397
423.745
422.229
422.425
422.693
422.475
424.157
425.485
427.028
427.219
427.678
426.389
427.595
427.593
427.386
427.403
427.345
428.229
428.631
429.033
425.862
425.111
424.903
425.47
425.729
427.719
427.633
427.491
426.51
426.031
425.795
425.645
425.404
425.247
425.583
425.519
425.424
423.957
422.904
424.986
424.88
424.613
424.584
423.999
423.225
423.176
423.76
422.812
421.823
420.849
419.796
419.288
421.602
422.076
421.983
424.825
424.246
423.232
423.048
422.755
424.472
424.671
426.576
425.966
425.543
425.249
424.857
425.1
424.885
425.001
425.354
425.728
425.69
425.874
426.329
426.002
426.032
425.715
424.958
424.662
428.071
428.881
429.04
429.106
429.286
428.76
428.421
428.351
428.849
429.368
429.315
429.087
428.406
428.068
428.028
428.231
428.47
429.624
429.632
429.874
428.419
428.251
428.001
426.117
426.062
426.127
425.738
425.808
425.954
426.366
426.89
426.565
426.777
426.963
426.315
427.154
427.421
428.428
427.978
427.769
427.603
426.465
426.586
426.547
426.671
426.357
426.985
427.771
425.638
425.83
426.257
424.012
424.329
424.454
424.704
425.163
425.285
424.932
425.77
426.202
426.317
426.718
425.689
425.777
425.695
426.561
426.956
427.227
427.589
427.718
428.092
428.125
429.218
429.809
429.233
429.307
429.149
428.897
429.376
429.317
430.461
430.1
430.479
432.405
432.182
432.213
432.431
431.375
430.685
430.944
431.276
428.155
428.327
428.372
429.29
429.236
428.77
428.465
425.841
425.867
426.242
427.601
427.66
428
427.811
427.639
427.331
426.971
429.313
427.917
425.378
428.294
425.309
425.072
424.903
425.014
424.587
424.78
424.602
421.633
421.561
420.667
421.477
420.938
420.967
420.272
420.445
420.822
420.731
420.528
420.633
421.119
421.215
420.515
420.84
421.231
421.437
421.893
422.04
422.451
422.484
423.439
424.069
424.434
425.181
425.377
425.589
427.394
428.147
428.096
428.175
431.801
431.612
431.872
431.907
431.822
430.899
430.419
433.837
434.184
433.589
433.268
433.337
430.472
430.542
431.599
432.271
432.797
433.241
434.757
436.037
436.323
439.21
439.318
439.712
439.623
439.889
440.447
439.924
442.934
442.858
443.239
443.764
444.38
444.727
444.665
444.571
444.175
444.052
444.251
444.259
441.436
439.923
440.619
439.617
436.581
436.401
436.477
436.4
435.27
435.267
435.421
435.119
434.829
432.098
431.989
431.788
432.021
432.588
432.745
432.5
432.177
432.44
431.616
431.473
431.931
433.278
432.853
432.467
432.574
432.467
432.44
432.354
435.569
435.887
435.202
434.031
433.201
432.666
432.593
433.581
433.488
433.245
432.866
432.686
431.901
431.65
431.824
430.207
430.466
431.039
429.299
428.816
428.807
428.39
427.533
427.093
427.259
426.809
426.728
426.345
428.768
430.308
430.308
431.259
433.917
433.39
433.459
433.692
434.452
433.857
433.629
433.425
433.413
435.654
435.396
434.958
434.262
433.907
433.33
433.449
433.534
433.525
434.252
433.907
433.561
433.412
434.267
431.387
431.017
431.552
431.877
431.607
430.954
430.759
430.54
431.102
431.705
431.784
431.484
431.614
431.413
431.338
429.561
428.712
429.619
430.086
429.66
431.394
431.248
430.947
433.083
433.386
433.417
433.762
435.127
435.264
435.141
435.519
435.267
435.539
435.39
434.76
434.663
433.743
433.363
433.848
433.786
433.879
433.899
433.948
433.121
431.012
431.012
430.951
431.127
431.756
430.212
429.287
429.306
429.091
429.333
429.324
429.214
429.099
428.447
428.294
427.943
430.381
430.096
429.836
428.355
427.618
427.809
427.556
427.953
427.812
425.581
425.621
424.886
424.16
423.727
424.007
425.91
426.561
425.204
424.927
424.266
424.275
423.727
423.121
422.57
422.373
419.098
418.133
417.705
417.614
417.089
416.702
416.413
414.262
414.11
413.928
413.73
414.609
414.412
413.46
412.866
412.601
412.435
412.535
413.04
414.504
414.168
414.644
414.756
414.736
416.471
417.246
417.389
417.262
417.204
417.185
417.347
417.393
417.986
418.347
418.44
418.077
418.367
418.372
419.331
420.205
418.373
416.874
416.365
416.187
417.141
416.63
417.051
417.253
416.595
416.388
414.641
414.233
414.8
414.731
415.216
414.789
414.831
415.25
415.597
415.483
418.426
418.893
418.916
418.874
419.527
420.105
417.785
419.797
419.875
419.789
419.607
419.438
419.262
420.301
420.219
420.294
419.855
420.045
419.909
419.711
419.706
419.169
418.956
418.174
417.838
417.723
417.256
417.342
417.013
416.369
415.859
415.723
414.05
413.162
413.326
413.815
413.905
411.153
410.74
410.502
412.004
413.536
414.14
414.495
415.074
415.48
415.89
415.734
416.595
416.499
418.541
418.107
418.026
417.593
417.561
417.969
418.077
417.944
416.516
416.387
416.178
416.329
416.398
416.327
416.055
415.672
418.072
418.154
418.109
418.578
419.232
419.445
419.268
419.051
419.636
418.172
418.73
418.906
416.654
411.027
411.452
411.98
412.069
412.748
412.946
412.26
412.715
413.148
413.447
413.797
414.116
412.345
413.401
413.975
413.9
414.062
414.141
414.659
415.145
414.541
414.833
415.026
415.338
415.577
415.867
415.703
415.104
415.589
416.078
416.222
415.908
417.06
417.868
417.183
417.291
417.812
417.975
417.915
417.424
417.938
417.561
417.704
417.967
418.149
418.324
418.662
419.137
419.104
419.123
419.448
419.124
419.001
419.762
420.077
420.257
421.081
421.321
421.795
424.267
430.658
429.904
429.613
429.046
429.255
428.965
429.913
429.909
429.322
429.266
428.983
428.313
430.647
430.745
430.523
430.49
430.612
430.279
432.257
431.892
432.389
432.221
431.888
431.452
431.283
430.785
431.084
430.653
430.465
430.246
430.417
429.311
429.127
429.136
429.973
430.076
429.898
429.738
429.754
431.215
430.955
431.565
431.077
430.76
430.421
430.147
429.065
428.796
428.722
428.314
427.976
427.612
427.43
426.528
425.688
425.241
425.683
425.601
425.616
425.868
425.622
426.569
426.877
427.85
427.57
427.697
427.673
426.084
426.162
426.175
426.593
427.214
426.942
427.46
427.986
428.12
428.254
428.317
428.774
429.136
429.63
428.024
427.933
428.115
428.259
428.881
429.055
429.924
430.147
429.886
430.146
431.366
431.264
431.402
431.839
432
431.383
429.727
428.412
428.883
429.21
429.415
429.686
429.253
426.59
426.739
427.309
427.571
427.479
428.183
426.523
427.081
427.428
428.08
428.84
429.601
430.248
429.981
429.976
429.789
430.42
430.15
430.189
430.087
430.328
430.522
430.636
432.291
430.875
431.096
431.227
431.227
430.849
430.856
430.976
431.285
431.507
431.38
431.337
431.435
431.194
433.243
433.377
433.288
433.266
432.865
432.612
429.768
429.486
429.895
429.723
428.329
428.508
427.508
427.495
425.972
424.659
426.219
427.738
427.947
426.742
426.5
426.628
427.208
430.497
430.56
430.697
427.935
428.3
428.21
429.929
429.433
429.244
429.13
428.497
428.214
427.543
427.842
427.807
427.637
427.591
427.695
426.935
426.295
426.029
425.814
425.284
425.351
425.01
422.219
421.863
421.684
421.795
421.799
421.364
421.035
420.193
416.359
416.454
416.579
416.794
416.773
416.391
414.77
414.645
415.111
415.118
417.687
418.115
416.036
415.603
416.83
417.062
417.551
417.337
418.773
420.552
420.62
420.457
420.387
421.364
421.689
421.865
422.139
422.064
422.235
422.463
425.129
425.103
425.238
425.723
425.911
426.318
426.77
427.394
427.306
427.58
426.78
425.971
426.178
426.428
426.399
426.974
427.916
425.652
425.951
426.478
426.805
429.165
432.128
432.966
433.63
433.949
433.447
432.644
433.015
433.794
438.232
438.262
438.16
437.973
437.895
438.886
440.928
441.238
441.395
441.889
442.438
441.385
443.51
444.376
444.879
444.789
445.194
445.708
445.642
445.344
445.662
445.755
445.164
445.299
444.956
444.532
444.28
444.105
443.554
443.317
442.869
442.45
442.25
438.83
439.003
438.529
438.299
438.418
438.713
438.249
436.727
437.261
437.419
437.127
437.143
437.422
436.931
438.978
437.009
436.3
435.509
435.125
434.985
434.313
433.217
433.015
433.669
434.733
434.759
434.655
434.756
433.849
433.405
433.363
433.402
433.257
433.454
433.06
432.926
431.523
431.243
431.921
432.011
431.912
431.899
431.703
430.723
430.433
430.44
430.794
430.911
430.942
431.391
430.14
428.858
429.303
429.631
429.705
429.921
430.356
429.894
430.278
430.52
433.64
433.659
434.038
433.109
432.775
432.173
432.759
434.738
434.992
434.528
434.34
434.138
433.763
433.854
434.477
436.163
436.707
437.388
437.558
436.956
437.206
438.095
438.574
438.595
438.411
437.878
437.762
437.04
438.16
438.87
439.314
439.282
439.163
438.807
438.364
438.304
436.071
435.656
435.302
434.965
434.843
431.707
431.612
432.527
432.557
432.233
432.1
431.873
431.827
431.694
432.845
433.465
431.961
431.931
431.43
428.683
428.484
429.174
429.076
428.812
428.857
428.594
428.328
428.925
428.926
429.381
429.342
429.375
429.202
427.678
426.22
426.436
426.483
426.506
426.516
426.489
425.843
424.319
424.401
424.821
424.806
424.851
424.625
423.514
423.058
423.064
422.783
423.216
423.001
422.092
421.156
420.757
420.725
420.807
421.046
420.845
423.642
421.823
421.043
421.26
421.327
424.378
424.588
424.398
423.767
423.802
423.972
423.76
423.566
423.404
423.452
423.706
424.498
422.123
422.551
425.492
425.266
425.218
425.115
424.37
423.046
423.254
423.443
423.818
423.448
423.204
421.647
421.201
421.205
423.037
421.984
421.836
421.242
419.732
419.528
419.658
420.061
421.139
420.971
420.622
420.559
420.513
420.559
421.56
420.431
420.306
420.085
420.139
419.997
420.953
421.136
421.376
421.166
420.756
420.893
420.725
420.707
420.168
421.316
421.225
420.441
420.322
419.858
418.819
419.574
419.804
419.431
419.034
419.311
419.53
419.481
420.234
420.994
423.242
423.359
422.924
423.475
422.074
422.077
423.196
424.469
424.944
424.484
424.457
424.561
424.803
426.164
426.427
426.365
425.589
427.815
427.328
428.075
429.667
429.45
429.407
429.716
429.669
429.477
430.031
428.037
427.986
428.108
427.793
429.636
430.367
431.354
431.79
432.148
432.141
432.824
432.445
432.809
433.394
433.451
434.036
434.758
437.949
437.527
437.302
437.902
437.623
437.844
439.013
438.725
438.391
435.804
436.383
436.345
436.71
437.004
437.048
427.627
422.775
422.248
422.203
421.456
422.224
421.745
421.753
421.994
421.663
422.175
421.939
422.316
421.488
419.438
419.826
419.673
420.369
420.584
421.046
421.198
420.479
420.502
420.593
420.684
420.772
421.061
420.823
419.96
419.932
419.719
419.848
419.829
419.416
418.892
418.079
417.853
417.21
416.775
417.384
417.145
417.036
417.076
416.655
415.842
415.552
415.713
416.042
416.103
413.62
413.512
413.251
413.596
413.77
415.462
415.576
415.363
415.22
415.007
414.875
423.823
428.464
429.047
429.238
429.657
430.262
430.902
430.86
430.361
430.123
429.843
430.112
430.345
431.084
433.722
433.814
434.065
434.041
431.633
431.705
431.771
432.399
432.73
432.77
432.545
432.186
432.021
432.408
435.477
435.421
435.623
435.717
435.689
434.873
434.864
435.601
435.59
435.955
435.878
434.845
434.605
434.617
434.642
434.829
435.325
435.327
435.485
434.604
434.642
437.341
437.151
437.395
436.747
436.757
437.215
436.945
436.782
436.399
436.36
436.056
435.305
435.058
434.942
435.061
434.937
435.154
434.788
434.67
434.391
434.719
434.992
434.934
434.633
434.459
433.999
433.546
433.473
432.962
435.654
435.644
435.136
434.46
432.392
430.753
430.624
431.238
430.978
430.353
430.365
430.415
429.399
429.613
429.603
429.801
429.776
429.576
429.437
428.564
428.66
429.273
429.465
429.152
428.991
428.96
428.098
427.992
428.05
429.059
428.726
428.993
429.384
429.278
429.392
429.143
429.559
429.567
430.158
430.293
430.342
429.086
429.142
429.251
428.933
428.556
428.363
428.196
428.272
426.31
426.517
426.661
426.661
426.56
426.588
426.164
426.6
426.816
426.947
427.618
427.644
427.994
427.536
428.257
430.358
432.229
432.604
432.57
432.419
432.928
432.934
432.799
433.735
433.604
433.313
433.818
433.836
433.255
433.508
434.045
434.4
434.531
434.62
432.874
425.063
425
426.049
426.461
426.677
426.6
426.152
425.92
425.89
425.942
426.588
426.452
425.351
425.059
424.99
425.208
425.025
426.428
426.364
426.534
425.785
425.979
426.018
425.588
425.458
425.883
426.182
424.651
424.23
424.306
424.178
424.811
424.053
423.98
423.462
423.252
422.987
422.595
423.22
423.007
422.656
422.194
421.901
421.656
421.664
421.152
420.579
420.184
419.697
419.117
419.065
418.882
418.717
418.946
418.57
417.837
417.262
417.098
416.852
418.349
425.534
425.608
425.237
424.462
424.016
423.298
424.222
424.5
424.543
424.827
424.151
424.527
425.596
426.145
426.239
425.836
425.894
425.267
425.53
425.467
426.502
426.742
426.93
427.541
427.007
428.462
428.445
429.823
430.058
430.202
430.246
430.015
429.639
429.625
429.987
429.651
429.112
427.812
427.884
424.598
424.528
424.535
424.684
424.451
424.7
423.683
423.288
423.675
423.936
424.649
425.152
425.483
425.271
424.822
425.064
426.282
426.887
426.955
426.815
426.946
426.854
426.935
427.047
427.641
427.432
427.432
426.606
425.719
425.559
424.998
425.242
425.499
425.549
425.785
422.59
422.852
422.977
423.434
422.114
420.341
420.09
419.936
419.867
419.581
420.461
420.088
419.904
419.543
419.241
418.816
419.132
419.364
420.238
420.106
420.431
417.734
417.977
419.212
418.981
422.287
422.191
422.198
421.542
421.846
421.718
422.865
423.761
423.783
423.86
420.785
420.474
419.741
420.001
420.658
420.607
420.389
419.915
420.055
420.044
420.33
420.75
420.969
421.339
420.374
420.755
421.351
421.786
422.435
422.654
422.994
422.411
421.969
422.068
421.608
424.483
424.568
424.495
423.453
420.506
422.263
422.545
422.507
422.193
421.885
418.781
418.914
418.954
419.206
419.382
419.508
418.885
418.608
418.374
418.679
418.5
421.522
421.817
421.913
422.051
422.197
422.6
422.463
422.899
422.996
422.004
419.367
419.139
419.056
419.5
422.429
422.234
421.959
419.498
419.199
418.851
418.737
418.502
418.294
418.643
418.113
418.09
417.202
417.098
417.819
417.401
417.425
417.219
417.462
417.22
417.292
417.374
417.479
417.555
417.261
416.978
416.874
417.076
418.09
422.233
422.323
421.26
421.41
421.956
422.655
425.749
426.039
425.806
425.364
425.574
425.763
426.337
426.382
426.616
426.819
426.879
426.468
426.486
426.557
426.515
426.095
426.085
426.174
425.726
425.608
426.137
428.535
428.714
428.729
427.854
426.731
426.751
427.701
430.167
429.042
428.324
428.504
428.962
428.764
428.704
429.091
428.727
428.981
429.006
428.645
428.804
428.777
429.189
428.956
429.041
428.326
425.616
425.16
424.469
424.654
424.423
424.12
422.911
422.74
422.313
422.019
423.179
423.224
422.957
421.467
421.271
421.046
421.332
421.789
421.742
421.746
421.559
421.384
421.468
421.179
421.078
421.563
419.995
419.877
419.49
419.752
419.762
420.106
420.857
420.867
421.169
421.388
421.525
421.699
422.345
423.71
424.113
424.558
423.968
425.698
427.139
427.59
427.407
428.178
428.408
428.54
428.584
429.106
428.897
428.906
428.943
429.291
429.344
428.967
428.755
429.488
432.683
433.498
434.51
435.168
436.126
436.385
437.512
437.84
438.654
438.979
438.33
437.335
437.212
438.628
438.941
438.933
438.829
438.909
438.993
436.007
435.477
435.588
435.353
435.224
434.997
434.811
434.314
434.002
434.692
434.422
433.985
433.336
433.133
432.434
432.654
432.746
432.72
432.705
430.602
427.44
427.447
427.017
427.988
427.782
427.585
425.548
425.436
424.079
424.114
424.126
424.338
424.184
424.375
424.022
424.196
423.945
423.699
423.496
423.51
423.191
423.262
422.541
422.149
421.781
421.023
421.172
420.845
420.512
416.82
416.668
417.345
418.051
418.318
418.345
418.253
417.654
417.589
417.031
416.714
419.287
419.615
419.866
419.445
419.501
419.66
419.736
421.184
418.485
418.343
418.035
418.158
418.483
418.552
419.116
419.467
419.686
419.616
419.08
420.88
423.385
422.584
422.596
422.222
419.143
418.933
420.569
420.652
418.613
418.094
417.397
417.669
417.827
417.666
418.521
418.809
419.035
419.304
419.148
419.17
418.448
417.967
418.324
417.928
417.038
417.425
417.043
417.316
417.043
420.485
420.335
419.655
419.818
418.512
418.242
417.943
418.533
418.527
418.259
418.221
418.426
418.493
418.499
419.24
419.568
419.576
417.98
417.924
420.613
420.439
420.615
420.533
420.143
415.871
414.6
413.351
413.272
412.847
412.939
411.643
411.801
412.5
412.386
412.4
415.138
415.01
412.028
412.553
415.329
415.834
416.57
416.229
416.008
415.986
415.939
415.827
415.83
415.764
416.19
416.842
417.215
417.858
418.012
418.572
419.52
419.257
418.95
417.871
418.532
419.088
419.796
420.537
420.559
421.861
422.063
422.694
422.678
423.113
423.713
423.199
422.617
422.697
421.957
420.396
420.024
419.977
421.606
422.071
422.369
421.576
421.483
421.548
421.903
425.974
427.15
427.926
427.462
428.214
428.437
428.6
428.498
428.231
428.311
426.075
426.277
426.643
429.594
429.53
429.787
429.278
428.793
428.971
428.885
428.988
428.757
428.738
428.395
427.931
426.811
426.422
426.761
426.544
426.737
426.831
425.879
426.086
426.598
427.33
427.33
426.971
426.821
426.095
426.002
426.125
426.167
426.059
426.224
425.731
425.694
425.8
426.232
426.081
426.771
428.182
428.397
428.421
426.591
426.836
426.888
427.87
428.232
428.478
428.586
426.162
426.062
426.056
426.432
425.517
425.934
427.344
426.622
426.566
426.614
428.895
429.062
429.178
429.107
426.195
426.053
426.022
425.617
425.493
425.271
424.994
424.994
424.736
424.596
425.134
426.333
425.995
426.221
425.349
425.125
425.181
426.144
426.179
426.376
426.965
426.11
425.877
425.506
425.704
425.631
425.227
424.911
423.976
424.211
424.28
424.55
425.268
425.621
425.678
424.749
424.697
423.641
423.847
425.495
425.154
425.055
425.216
425.303
424.771
424.797
427.757
428.362
428.788
428.513
428.107
427.397
427.219
427.509
427.55
427.534
427.852
425.233
425.167
425.617
428.315
428.296
428.543
429.26
426.749
427.129
426.705
426.691
426.671
427.255
427.252
426.858
427.192
427.035
427.946
428.383
428.525
428.379
427.504
427.458
426.801
427.537
427.621
428.037
428.131
427.536
427.819
427.702
428.227
427.592
427.84
427.395
426.771
426.398
426.38
427.045
427.065
426.784
425.145
424.786
425.014
424.202
423.957
424.038
424.476
423.982
422.002
421.449
419.465
417.578
418.036
418.735
418.652
418.247
418.072
417.926
418.016
420.176
419.677
416.523
411.469
411.612
408.185
408.088
410.552
409.373
409.814
409.901
410.069
409.792
409.657
410.015
407.554
407.624
407.653
407.238
406.832
406.873
407.762
406.266
405.552
403.519
403.584
403.197
403.729
404.41
403.066
403.441
403.711
403.93
403.605
403.834
404.459
399.4
398.453
398.554
398.784
400.079
401.715
401.625
401.471
402.325
402.152
401.919
402.011
402.581
404.085
404.11
406.019
407.81
407.911
407.378
407.586
407.79
406.762
407.184
407.164
407.411
407.765
410.542
415.369
413.617
415.996
413.865
413.792
415.192
409.169
405.977
404.097
403.326
402.996
403.096
404.061
401.793
401.881
400.967
400.935
400.818
400.206
400.633
401.712
403.449
403.35
403.706
403.094
402.974
403.994
404.069
404.025
404.009
403.917
403.944
401.715
406.032
406.713
405.875
403.338
402.572
401.639
402.11
401.993
402.015
402.141
401.309
401.169
400.738
400.703
398.397
398.205
396.103
396.517
396.698
396.347
396.413
397.682
397.515
397.574
397.745
397.994
397.983
398.376
399.452
400.234
402.491
402.788
402.595
408.822
412.429
413.563
414.176
414.49
414.516
415.581
418.124
418.285
418.679
418.356
418.596
418.349
417.631
417.41
417.799
415.312
415.017
415.118
415.121
415.524
415.168
415.095
414.263
414.418
414.802
417.142
417.992
418.58
419.565
421.534
422.024
422.58
422.723
423.123
423.259
420.613
421.205
421.286
421.686
421.905
424.657
424.658
427.812
426.88
427.362
427.837
428.728
429.079
428.945
428.523
427.698
426.978
427.042
426.759
427.213
426.918
426.51
425.759
425.513
425.241
424.862
425.5
424.483
424.446
424.305
421.628
421.466
421.116
421.897
421.28
421.101
421.344
423.204
423.581
423.705
426.447
426.258
426.618
426.787
425.04
425.321
425.668
423.043
420.34
418.368
416.018
416.361
416.133
416.386
416.903
417.336
417.528
416.874
416.732
416.317
418.111
418.815
418.763
418.692
418.053
418.194
418.389
417.574
418.632
418.175
417.93
417.18
416.517
416.428
416.661
416.992
417.551
417.613
415.011
413.526
414.166
414.118
414.645
415.027
415.055
412.582
412.663
413.991
414.266
412.716
415.845
415.963
413.526
413.623
414.863
415.056
415.684
415.711
415.582
414.607
414.388
414.23
414.037
414.019
415.555
410.788
409.932
413.244
415.801
416.999
418.999
418.088
417.359
416.87
416.624
416.011
415.648
415.764
415.848
414.929
415.731
415.352
415.404
415.626
416.156
416.198
416.022
416.518
416.266
416.439
416.551
417.15
417.825
417.945
416.549
416.656
416.305
416.233
419.182
420.814
419.937
417.901
417.972
417.863
417.478
420.365
420.21
418.623
418.49
420.456
420.07
420.04
422.562
422.327
422.348
421.443
421.466
418.979
419.042
420.066
420.41
420.672
420.631
420.688
420.775
426.228
427.123
427.441
427.988
428.332
428.69
429.752
430.637
431.069
431.066
431.659
431.641
431.939
431.84
432.826
433.135
433.154
433.254
433.254
432.421
432.547
432.826
433.175
433.388
433.444
433.164
430.866
429.419
429.55
431.002
431.319
431.726
431.307
430.628
430.712
431.096
433.176
433.39
433.46
433.758
433.584
432.984
434.399
434.457
434.422
434.587
432.606
432.327
432.319
432.021
432.887
432.654
435.292
435.01
434.495
433.798
433.847
433.892
433.847
433.082
432.539
432.344
431.33
431.281
431.589
431.796
431.173
431.022
430.871
428.026
425.767
425.447
425.303
425.256
425.269
424.609
424.455
424.312
423.839
424.464
424.532
424.208
423.83
423.084
423.103
423.418
425.47
426.153
425.971
426.076
424.123
422.521
422.689
422.452
422.271
420.761
420.328
420.178
417.661
417.272
417.147
417.861
417.687
416.813
415.831
415.63
417.38
417.877
417.856
417.792
417.33
417.144
416.787
415.512
415.705
415.816
415.716
412.833
412.673
413.552
413.502
413.545
414.594
414.697
411.39
411.104
411.79
411.963
412.18
415.185
417.119
417.245
417.384
417.707
418.185
418.867
419.239
419.68
419.676
419.895
420.122
420.303
420.721
421.661
421.688
421.841
421.409
422.331
422.893
423.11
425.389
427.29
427.21
428.217
428.735
431.224
432.765
433.28
436.442
437.297
437.204
437.297
438.041
438.88
440.2
440.946
441.273
441.225
441.522
439.41
440.235
440.571
441.092
442.534
442.312
442.297
441.655
443.766
443.76
443.499
443.985
443.702
443.682
443.207
446.898
446.748
445.942
445.754
445.875
445.773
445.555
445.691
445.791
445.013
444.397
443.505
443.382
442.24
442.593
442.402
441.202
440.695
439.428
438.876
438.638
438.243
438.663
437.643
437.074
436.479
435.532
435.014
435.109
434.72
434.308
433.859
433.37
432.773
431.77
428.909
428.555
428.421
427.734
426.996
426.117
424.377
423.978
423.895
423.545
425.27
424.318
423.943
422.453
422.085
421.975
421.96
422.521
423.289
422.568
421.908
421.365
421.185
420.542
420.466
420.328
420.1
419.417
419.195
418.953
418.739
419.002
418.966
418.799
419.349
419.251
420.076
420.118
420.304
417.607
417.448
417.6
417.625
418.339
418.001
417.672
417.463
417.009
415.382
415.143
414.903
415.054
414.78
414.628
414.875
414.588
414.332
414.334
414.365
414.728
416.8
417.055
416.484
416.612
417.112
417.871
418.895
419.093
419.391
418.739
419.009
419.578
420.047
421.205
421.771
421.912
421.842
421.863
422.328
422.976
423.498
423.979
424.375
424.884
424.319
424.545
425.019
425.662
426.168
426.252
426.293
425.102
425.528
424.973
425.104
425.382
425.036
425.16
425.079
427.764
428.128
428.625
426.963
424.282
424.727
424.674
425.007
425.837
427.245
427.72
427.696
427.895
426.706
426.344
425.965
426.373
426.887
426.83
427.02
425.84
426.212
426.72
427.72
428.039
428.286
428.256
427.546
427.883
427.739
428.144
428.298
428.539
428.621
424.079
423.978
423.929
424.417
424.805
424.573
424.816
424.483
424.333
424.265
424.044
425.033
425.122
425.027
425.145
424.711
424.688
424.438
425.222
425.107
425.208
424.996
424.134
422.284
421.878
422.073
420.334
420.016
419.745
421.722
424.318
424.4
424.672
424.784
424.633
425.068
424.64
425.171
424.874
426.318
427.103
427.351
427.079
426.407
426.376
426.253
427.485
426.398
425.76
425.456
424.681
424.582
423.169
423.727
423.46
423.468
423.697
423.044
422.784
422.601
427.31
427.665
428.007
427.863
427.489
427.514
427.72
427.677
427.419
427.461
427.735
427.21
427.114
427.134
425.301
425.332
425.202
425.657
426.06
426.354
426.988
427.324
428.174
430.168
430.713
431.016
432.629
432.209
432.567
432.458
432.392
432.409
432.68
431.73
431.301
431.672
431.935
431.532
431.691
431.128
430.341
429.998
429.859
430.14
429.871
429.747
429.719
430.228
430.54
430.62
430.677
429.798
430.841
430.564
429.774
429.905
430.383
431.298
431.583
431.242
430.969
431.245
429.187
429.61
430.269
430.698
430.487
430.762
431.106
428.483
427.748
428.255
428.203
428.474
430.779
430.999
430.231
430.035
428.925
428.11
428.029
427.814
427.448
426.696
426.518
426.734
426.77
427.239
427.308
427.199
426.677
426.569
426.268
426.91
426.285
424.368
424.127
424.318
424.339
424.811
425.434
425.129
425.4
425.336
423.083
423.098
423.24
423.053
423.209
423.232
424.287
423.168
423.304
424.177
425.275
424.796
424.447
424.107
421.245
421.245
421.331
420.92
422.834
422.293
421.658
420.43
420.212
419.341
419.154
421.824
422.406
422.125
420.083
420.003
420.042
419.932
420.707
420.735
420.319
420.262
420.011
419.86
420.457
421.256
421.208
421.201
421.03
421.269
421.388
421.795
422.934
422.898
423.305
423.571
422.94
424.984
425.25
425.784
426.34
426.598
426.724
425.928
425.724
425.939
428.38
428.262
428.172
428.538
425.65
425.503
425.073
426.696
426.533
426.137
425.588
425.158
425.274
425.496
428.092
428.533
428.705
428.768
426.498
426.646
426.945
427.936
427.665
420.861
419.962
419.284
419.007
418.907
420.914
420.575
420.385
419.913
419.826
419.226
420.675
421.231
421.783
421.149
420.248
420.125
420.122
419.964
420.218
420.234
419.954
419.533
418.906
418.735
418.262
418.12
419.628
419.749
419.897
419.542
419.234
419.233
419.019
420.244
420.416
420.868
419.901
419.146
419.241
419.635
422.614
423.053
422.923
422.764
422.889
422.906
422.855
423.042
422.925
422.471
422.247
422.148
422.136
422.153
424.53
424.701
424.852
424.562
424.189
432.427
433.575
434.269
434.824
435.159
435.105
434.396
434.393
434.991
435.056
433.719
433.698
433.711
430.572
431.224
431.842
431.741
431.392
431.12
431.323
430.4
430.301
430.23
430.12
430.491
430.676
430.199
429.513
428.455
428.094
427.898
427.783
427.576
427.245
426.675
426.497
425.872
426.311
426.894
426.061
425.155
423.928
423.246
422.592
423.038
423.105
423.137
423.232
423.658
423.859
423.89
424.147
424.143
424.065
424.103
421.702
421.84
421.336
421.126
421.424
420.966
420.727
420.26
419.685
419.497
418.51
419.393
419.353
419.04
418.268
420.146
419.67
419.242
421.896
421.898
421.966
420.193
420.496
420.571
420.604
421.152
421.521
421.647
419.401
419.043
418.963
419.425
419.781
420.275
420.432
420.792
420.865
420.599
420.899
421.511
421.661
421.94
421.818
422.161
422.687
423.28
424.445
424.727
425
424.776
424.854
424.915
425.395
425.713
425.971
426.241
426.39
423.913
424.085
424.306
426.909
426.804
427.232
428.001
426.704
427.041
426.805
425.719
425.693
424.105
424.651
423.355
423.1
423.414
424.088
424.063
423.744
423.522
423.716
424.111
424.218
426.479
426.625
426.616
426.355
426.701
426.513
426.591
429.39
429.586
429.697
429.737
429.482
429.596
429.753
429.651
429.721
429.774
429.778
429.196
429.221
429.154
429.761
429.67
430.022
430.184
429.31
429.206
429.371
429.737
429.262
427.624
425.391
424.428
424.007
423.61
423.623
426.43
426.078
425.787
424.359
423.974
421.899
421.648
423.393
423.229
423.428
424.315
424.754
426.527
427.099
428.487
428.713
428.539
428.457
428.585
428.918
430.031
430.314
430.137
430.295
428.143
427.553
427.742
428.147
428.409
428.408
428.655
428.611
427.85
428.072
428.228
429.016
428.678
428.796
428.659
428.014
428.681
428.904
429.763
430.179
430.41
430.426
430.612
429.75
429.453
430.412
430.371
430.563
430.396
430.68
431.693
432.704
433.523
433.772
434.346
434.317
434.489
433.935
433.867
435.123
435.47
437.737
437.919
438.193
438.747
437.063
437.796
437.714
437.683
437.718
437.617
437.695
436.542
436.817
437.016
437.616
434.877
434.572
434.584
434.317
434.221
434.514
434.589
434.345
434.265
433.237
432.516
432.019
432.884
433.076
432.878
432.438
433.015
432.443
432.87
433.636
433.46
433.235
433.335
433.224
433.19
432.329
432.404
433.389
433.815
433.629
433.977
434.21
432.886
431.43
432.404
433.663
433.734
433.658
433.497
431.203
430.813
431.95
431.995
431.893
431.854
432.13
430.837
430.744
430.696
432.258
432.167
432.231
431.947
430.89
431.043
431.154
431.686
431.135
431.007
430.608
432.658
431.98
431.27
431.036
433.131
433.129
433.395
433.566
432.764
433.783
434.055
434.473
434.3
434.217
434.205
431.58
431.124
431.32
431.022
430.568
430.728
430.98
430.253
429.933
430.012
431.013
429.423
429.47
429.175
428.718
428.595
428.515
430.176
431.973
431.845
431.858
431.992
431.15
431.179
433.856
433.988
433.794
433.719
433.607
432.317
432.001
433.163
432.93
432.429
432.583
432.588
432.059
432.105
433.175
433.11
432.746
433.473
433.776
432.438
430.797
430.492
431.335
430.341
430.781
430.797
430.287
430.354
430.672
431.748
431.79
432.038
432.328
432.532
431.648
431.59
434.609
435.312
435.729
435.921
436.474
434.025
434.333
434.756
434.736
434.315
434.853
436.595
435.893
436.383
436.528
436.824
432.293
431.707
431.646
429.091
429.399
429.658
430.807
430.729
430.822
430.646
430.089
430.35
430.569
432
431.803
431.652
431.892
432.406
432.565
432.391
432.554
430.425
428.238
428.2
428.323
427.805
427.502
428.675
430.308
430.569
430.345
431.713
431.431
431.307
431.761
431.428
430.541
429.86
429.165
428.172
427.5
427.618
428.22
428.065
428.151
427.831
427.15
426.737
426.51
428.348
427.919
427.653
427.811
427.154
426.748
426.45
426.634
426.275
426.245
425.841
429.276
428.857
428.103
429.625
429.029
428.432
427.808
427.332
426.803
426.783
426.92
426.695
426.433
426.171
426.147
425.967
425.514
424.949
424.572
424.59
424.484
426.79
428.943
428.69
428.245
428.813
428.834
429.036
429.294
429.317
429.506
429.664
429.866
429.547
428.64
428.053
425.776
425.959
426.337
427.103
427.584
427.49
425.791
424.896
424.413
424.098
424.307
423.983
422.319
421.884
421.745
421.706
421.634
422.285
421.757
421.405
421.097
421.048
421.191
421.08
421.22
421.92
422.34
422.498
422.275
421.984
422.122
422.43
422.081
422.212
421.708
421.119
421.097
420.9
420.97
417.413
416.002
415.453
413.488
413.266
413.238
412.668
412.418
412.074
412.483
412.214
412.765
411.872
411.479
411.561
411.199
410.897
410.831
411.067
412.047
412.578
414.985
414.02
413.841
413.978
413.553
413.282
414.579
415.323
415.195
414.97
415.292
415.517
417.031
417.564
417.75
417.708
416.751
415.907
413.692
413.982
414.495
414.551
414.531
414.627
414.953
414.351
414.583
415.209
415.506
415.914
415.735
414.517
414.86
414.48
414.975
415.507
415.608
415.917
415.857
419.582
421.289
422.186
424.534
424.813
424.374
424.829
424.928
425.444
425.291
425.554
425.098
425.663
426.26
426.484
426.669
427.121
427.261
427.237
426.92
426.985
427.178
426.671
427.567
427.841
428.068
428.405
428.25
427.962
428.544
428.996
428.907
429.187
429.267
428.737
428.809
429.121
430.411
431.508
434.48
435.221
435.076
434.728
434.468
434.794
435.481
436.562
436.423
436.862
436.239
435.963
436.429
438.253
438.302
438.934
439.523
438.87
439.011
438.959
439.022
437.315
435.733
432.919
432.036
431.776
432.952
432.894
433.081
433.418
433.632
433.07
433.697
434.083
434.227
434.462
434.892
434.609
434.003
434.078
434.191
434.176
433.133
434.884
434.579
433.925
433.719
432.95
433.35
434.026
429.693
429.472
428.579
428.531
428.726
429.31
429.313
427.166
426.994
426.36
426.507
426.244
426.634
426.901
427.18
427.091
427.024
426.15
426.608
426.259
426.897
426.803
426.145
424.289
423.621
423.396
423.021
423.594
423.725
423.627
423.332
424.069
425.538
427.933
428.729
428.855
428.627
428.736
427.898
427.752
427.766
428.426
428.281
428.44
424.194
422.893
420.255
420.74
421.144
421.077
421.732
421.645
419.809
419.539
419.315
419.831
420.472
421.035
421.225
420.632
424.637
424.693
425.509
425.854
425.673
425.82
425.286
427.42
427.437
427.937
427.457
427.171
426.886
426.922
425.953
425.748
425.21
425.151
424.854
424.721
424.739
424.598
425.089
426.683
427.299
426.283
426.305
426.29
423.177
423.304
423.706
423.32
423.674
422.606
418.481
418.584
418.562
418.601
419.229
419.136
419.206
418.756
418.286
417.577
421.353
422.055
424.029
423.807
419.436
416.747
416.103
394.873
386.565
385.026
384.662
384.157
382.52
382.293
381.652
380.63
380.427
380.459
380.374
379.245
378.712
378.096
378.457
378.326
378.374
378.526
378.438
378.355
374.083
373.223
373.829
373.848
373.295
373.644
373.61
373.78
373.783
374.111
374.434
374.159
372.91
373.363
373.517
373.499
375.806
375.743
375.527
371.264
370.814
371.685
375.035
374.7
374.597
373.249
372.792
372.521
372.058
372.237
372.06
371.387
371.192
371.012
371.065
370.702
373.751
375.47
374.88
393.93
405.255
406.919
407.204
407.65
406.923
404.838
405.281
406.849
406.754
406.57
406.085
406.642
407.041
407.525
407.139
406.583
406.157
405.499
404.835
404.379
409.221
410.03
409.915
409.618
410.176
409.917
408.254
407.678
407.282
406.73
406.292
406.126
407.109
407.373
406.774
406.865
406.366
406.121
406.359
412.577
412.608
412.634
412.423
412.621
412.515
414.011
414.707
414.717
415.171
414.896
410.361
409.331
407.276
406.66
406.311
406.129
406.155
406.278
406.548
405.58
405.164
405.279
405.145
404.912
407.291
409.199
408.711
408.774
408.995
409.201
409.644
408.933
409.416
409.231
409.389
409.958
410.549
411.285
412.171
412.622
410.877
411.253
411.915
411.723
411.773
412.186
414.063
413.799
414.127
414.884
414.927
415.706
416.339
412.855
412.542
412.137
412.156
412.511
411.716
411.84
412
411.979
412.065
412.302
412.369
412.216
412.016
412.569
412.757
412.176
417.073
419.282
421.438
422.498
423.168
423.483
423.608
424.262
424.464
425.661
425.454
424.918
424.743
424.602
424.079
423.745
424.119
423.635
423.323
423.102
422.537
423.295
422.851
423.107
423.416
423.581
423.118
422.318
422.117
421.87
423.793
424.034
423.608
424.18
423.727
423.537
423.151
423.725
423.291
422.796
422.924
419.744
418.23
421.838
421.799
422.124
422.085
421.325
421.39
421.169
420.96
420.151
419.776
419.584
418.399
418.436
418.525
418.012
417.807
418.03
417.009
416.134
415.858
415.817
415.438
413.341
410.55
409.891
410.311
410.405
411.165
411.777
411.829
402.041
