60
9.54926
7.49772
6.69345
6.29567
6.05537
5.90261
5.78589
5.63397
5.57644
5.53333
5.50418
5.47789
5.45478
5.43334
5.41657
5.40457
5.39121
5.38185
5.37076
5.37287
5.4359
5.53452
5.65135
5.77783
5.90803
6.03316
6.15464
6.27224
6.38595
6.49725
6.60415
6.70642
6.80634
6.90328
6.9944
7.08473
7.17074
7.25384
7.33311
7.41121
7.48945
7.56386
7.63558
7.70661
7.77332
7.83861
7.90484
7.96815
8.02903
8.08935
8.14782
8.20315
8.2562
8.30845
8.35846
8.40723
8.45455
8.49909
8.54496
8.46848
8.60501
8.74432
8.8942
9.05005
9.2111
9.37587
9.54629
9.75353
9.93629
10.127
10.3204
10.5184
10.7259
10.947
11.1736
11.4058
11.6546
11.9077
12.1743
12.4353
12.5828
12.6545
12.6757
12.6682
12.647
12.6242
12.6019
12.5801
12.5581
12.534
12.5097
12.4891
12.4667
12.4452
12.4243
12.404
12.3845
12.3704
12.3556
12.3395
12.319
12.3021
12.2854
12.2712
12.2586
12.2466
12.2285
12.2133
12.198
12.1826
12.1672
12.1569
12.1471
12.1375
12.13
12.122
12.1151
12.1094
12.1002
12.0904
12.0817
12.0708
12.069
12.0641
12.059
12.0546
12.0546
12.0484
12.0483
12.0416
12.0374
12.0387
12.0381
12.0349
12.0345
12.036
12.0316
12.0286
12.0307
12.0284
12.0147
12.0138
12.0151
12.0178
12.0187
12.0212
12.0223
12.0251
12.0276
12.0328
12.0377
12.0392
12.0394
12.0407
12.0489
12.0556
12.0623
12.0614
12.0651
12.0685
12.0724
12.0792
12.0861
12.0869
12.0912
12.0917
12.094
12.0979
12.1031
12.103
12.1053
12.105
12.1069
12.1053
12.1038
12.1015
12.1038
12.1052
12.1062
12.1063
12.1068
12.1058
12.1051
12.1052
12.1043
12.1
12.0924
12.0913
12.0867
12.0851
12.0793
12.0782
12.075
12.067
12.0608
12.054
12.05
12.0473
12.042
12.0345
12.0401
12.0269
12.0146
12.0064
11.9969
11.9897
11.9858
11.9777
11.969
11.957
11.9476
11.9418
11.8619
11.8559
11.8465
11.8329
11.8222
11.8162
11.8074
11.8005
11.7925
11.7827
11.7751
11.7634
11.7524
11.7504
11.7469
11.7457
11.7439
11.7441
11.7446
11.7445
11.7406
11.7424
11.7431
11.7486
11.7479
11.749
11.7497
11.7543
11.7566
11.7609
11.7602
11.7606
11.7639
11.7731
11.7859
11.7962
11.8059
11.816
11.8282
11.8357
11.847
11.8572
11.8674
11.8779
11.8889
11.9017
11.915
11.9295
11.9457
11.9641
11.983
11.9973
12.0125
12.0251
12.0362
12.049
12.0651
12.0821
12.0976
12.1121
12.2056
12.22
12.2344
12.2547
12.2766
12.297
12.316
12.3331
12.3524
12.3699
12.3881
12.4117
12.4353
12.4461
12.4621
12.4744
12.4882
12.5048
12.5185
12.5345
12.5541
12.5692
12.5837
12.5935
12.6081
12.6226
12.6364
12.6456
12.6616
12.6764
12.6903
12.7027
12.7163
12.7223
12.7287
12.7377
12.7454
12.7502
12.7572
12.7666
12.7483
12.7581
12.7643
12.7706
12.7791
12.7824
12.7854
12.7925
12.7945
12.8047
12.8213
12.8342
12.8444
12.8548
12.8652
12.876
12.8806
12.8937
12.9073
12.9157
12.9249
12.9333
12.9409
12.9436
12.9501
12.9622
12.9052
12.9105
12.9161
12.9261
12.9337
12.9375
12.9486
12.9641
12.9729
12.9769
12.9775
12.9771
12.9815
12.9852
12.9935
13.0033
13.0082
13.0152
13.0189
13.0232
13.0315
13.0372
13.0422
13.0533
13.0647
13.0693
13.0693
13.0702
13.0719
13.0716
13.0781
13.089
13.0987
13.1056
13.1393
13.1468
13.154
13.1619
13.164
13.1702
13.1718
13.1723
13.1761
13.1779
13.1725
13.1664
13.1668
13.17
13.1739
13.1759
13.1819
13.1791
13.1764
13.1486
13.1511
13.1556
13.1597
13.1679
13.1685
13.1624
13.2321
13.2381
13.2437
13.2388
13.2405
13.2477
13.2457
13.2456
13.2492
13.2534
13.2628
13.2709
13.2777
13.2822
13.2785
13.2715
13.2659
13.2529
13.2542
13.2583
13.2553
13.2586
13.2582
13.2524
13.2497
13.2498
13.2502
13.2552
13.2588
13.2597
13.2639
13.2602
13.2578
13.2551
13.2555
13.2611
13.2683
13.2692
13.2755
13.2793
13.291
13.2998
13.3079
13.2904
13.2945
13.3026
13.3062
13.3091
13.3063
13.309
13.3112
13.3105
13.309
13.3375
13.3318
13.3243
13.3215
13.3173
13.3157
13.3123
13.3089
13.3059
13.3011
13.3038
13.3001
13.2985
13.2945
13.2929
13.2902
13.2947
13.2942
13.2942
13.2906
13.2282
13.2291
13.2344
13.2465
13.2649
13.2663
13.2646
13.268
13.2691
13.2699
13.2695
13.2691
13.2709
13.2743
13.2758
13.2792
13.2817
13.2811
13.286
13.2871
13.291
13.2939
13.2928
13.2919
13.2982
13.2973
13.3008
13.3021
13.3067
13.3109
13.334
13.3344
13.3373
13.3393
13.3404
13.3458
13.3453
13.344
13.3448
13.3501
13.3551
13.3622
13.3667
13.3687
13.3716
13.3743
13.3799
13.3814
13.3776
13.3776
13.3789
13.3748
13.3688
13.3649
13.3591
13.3564
13.3501
13.3475
13.3469
13.3481
13.4126
13.4165
13.4193
13.4185
13.4173
13.422
13.428
13.4319
13.4347
13.4383
13.4426
13.447
13.4548
13.4627
13.4709
13.476
13.4876
13.4915
13.4959
13.5013
13.5088
13.5143
13.5195
13.5226
13.5255
13.532
13.5319
13.5317
13.5281
13.5226
13.5191
13.5166
13.5126
13.51
13.508
13.5039
13.4994
13.4957
13.495
13.4897
13.4889
13.4861
13.4859
13.492
13.4911
13.4914
13.4901
13.4956
13.5041
13.5114
13.5179
13.5284
13.5399
13.5514
13.5635
13.5707
13.5764
13.5795
13.5851
13.5924
13.5963
13.5972
13.5958
13.5982
13.6022
13.6014
13.6014
13.6028
13.6086
13.6112
13.6116
13.6136
13.6164
13.6131
13.6115
13.6094
13.5927
13.5896
13.5864
13.5874
13.5839
13.5812
13.5823
13.5801
13.572
13.567
13.5687
13.5691
13.5682
13.567
13.5718
13.5757
13.5773
13.5784
13.5795
13.5823
13.587
13.5906
13.594
13.6012
13.6061
13.6122
13.6209
13.62
13.6221
13.6257
13.6309
13.6301
13.6306
13.6268
13.6259
13.6305
13.6282
13.6263
13.625
13.6206
13.6179
13.6181
13.6152
13.6105
13.606
13.6053
13.6065
13.6014
13.5969
13.595
13.5964
13.5807
13.5724
13.5696
13.5717
13.5716
13.5693
13.5717
13.5705
13.5733
13.5884
13.5937
13.5945
13.5956
13.596
13.5979
13.5938
13.595
13.5971
13.6029
13.6017
13.6007
13.6056
13.6131
13.6157
13.6198
13.6233
13.6271
13.6341
13.6385
13.6389
13.6458
13.5981
13.5981
13.598
13.5993
13.5984
13.5996
13.6066
13.608
13.612
13.6184
13.6244
13.6321
13.6346
13.6284
13.6315
13.634
13.6391
13.6471
13.6546
13.6581
13.6597
13.6627
13.6692
13.6703
13.6482
13.6437
13.6451
13.6475
13.6446
13.6622
13.6674
13.668
13.6656
13.6665
13.665
13.6666
13.6685
13.6703
13.6732
13.6743
13.677
13.6771
13.6787
13.6781
13.6802
13.6805
13.6815
13.6835
13.686
13.6879
13.6837
13.6863
13.6875
13.6906
13.689
13.6913
13.6918
13.6876
13.6916
13.6938
13.7485
13.755
13.7606
13.7647
13.7672
13.7678
13.7656
13.7685
13.7701
13.7708
13.7685
13.7683
13.7653
13.7657
13.7644
13.7667
13.7618
13.7611
13.7577
13.7584
13.7581
13.7567
13.7549
13.7561
13.783
13.7957
13.8029
13.8081
13.8125
13.814
13.8176
13.8217
13.8263
13.8299
13.8366
13.8394
13.8401
13.8426
13.8388
13.8327
13.8319
13.8328
13.8318
13.8331
13.8323
13.8341
13.836
13.8341
13.8347
13.8371
13.8369
13.8335
13.8328
13.8296
13.8298
13.8283
13.8203
13.8208
13.8196
13.8151
13.8125
13.8086
13.8063
13.8057
13.8039
13.8085
13.8135
13.8125
13.8086
13.8075
13.8092
13.8036
13.8042
13.8079
13.8109
13.8093
13.812
13.8096
13.7312
13.7343
13.7423
13.7469
13.7517
13.7551
13.7578
13.7594
13.7542
13.7543
13.7573
13.76
13.7603
13.7596
13.7608
13.7609
13.7527
13.7518
13.7531
13.7477
13.7486
13.7509
13.7529
13.7543
13.7534
13.7495
13.7473
13.7487
13.7477
13.746
13.745
13.743
13.7414
13.7405
13.74
13.7394
13.7432
13.7456
13.7538
13.759
13.7595
13.7617
13.7648
13.7655
13.7636
13.7602
13.7623
13.7632
13.7616
13.7657
13.7705
13.7721
13.7721
13.7793
13.7812
13.7818
13.7842
13.7853
13.7831
13.7877
13.8682
13.8638
13.8577
13.8541
13.8489
13.8478
13.8425
13.8392
13.8411
13.8389
13.8357
13.8323
13.8318
13.835
13.8355
13.8299
13.8345
13.8346
13.8361
13.841
13.8317
13.8237
13.8233
13.8151
13.8136
13.815
13.8184
13.8158
13.8166
13.8179
13.8212
13.8224
13.8245
13.8273
13.8284
13.8294
13.8265
13.8235
13.8178
13.8136
13.8121
13.8109
13.8055
13.8041
13.8069
13.8131
13.8158
13.8185
13.8169
13.8137
13.8054
13.8031
13.8042
13.8042
13.8056
13.8087
13.8057
13.8042
13.8075
13.808
13.8126
13.8187
13.8253
13.8309
13.8375
13.8375
13.8399
13.8461
13.8435
13.8433
13.8444
13.8403
13.8398
13.8411
13.8429
13.8468
13.8475
13.8484
13.8455
13.8435
13.8533
13.8638
13.8637
13.8687
13.8725
13.8738
13.8739
13.8714
13.8706
13.8706
13.8679
13.87
13.8733
13.873
13.8704
13.8684
13.8726
13.8744
13.8798
13.8839
13.8885
13.887
13.8902
13.8928
13.8941
13.8919
13.8873
13.8862
13.8837
13.8808
13.8862
13.8886
13.8877
13.888
13.888
13.8859
13.8851
13.889
13.8895
13.8872
13.8833
13.878
13.8743
13.8696
13.8636
13.8638
13.8622
13.8579
13.8646
13.8666
13.8623
13.8638
13.8626
13.8574
13.8562
13.8557
13.8564
13.8559
13.861
13.8627
13.8645
13.8668
13.8701
13.8724
13.8754
13.88
13.8829
13.8904
13.897
13.8996
13.904
13.9038
13.9074
13.9092
13.9129
13.9191
13.9218
13.9242
13.9208
13.9221
13.9218
13.9271
13.9288
13.9297
13.9258
13.9293
13.9317
13.9279
13.9331
13.9351
13.9381
13.9381
13.9375
13.9343
13.9374
13.9389
13.937
13.9324
13.935
13.9347
13.9334
13.9344
13.9337
13.9326
13.9353
13.936
13.9393
13.942
13.9399
13.9368
13.9395
13.9409
13.9419
13.9462
13.9411
13.9385
13.937
13.9364
13.9328
13.9304
13.9288
13.9277
13.9273
13.9258
13.9218
13.9188
13.917
13.9141
13.9082
13.9029
13.9001
13.8956
13.89
13.8885
13.8874
13.8812
13.8752
13.867
13.7695
13.7692
13.769
13.7675
13.7675
13.7665
13.7712
13.7663
13.7622
13.7667
13.7664
13.7637
13.7625
13.766
13.7682
13.7706
13.7672
13.7659
13.7654
13.7688
13.7635
13.7678
13.7717
13.7724
13.7743
13.7666
13.7601
13.7594
13.7564
13.753
13.7531
13.7521
13.7563
13.7594
13.7596
13.7574
13.7614
13.7622
13.7639
13.7635
13.7648
13.7634
13.7646
13.7675
13.768
13.7689
13.7716
13.7706
13.7703
13.7702
13.7701
13.7654
13.7586
13.7585
13.7582
13.7572
13.7526
13.7523
13.7533
13.7562
13.8514
13.8502
13.8471
13.8439
13.8419
13.8399
13.8352
13.8379
13.8411
13.8385
13.8337
13.8353
13.8331
13.8285
13.8282
13.8278
13.8296
13.8306
13.8312
13.8304
13.8326
13.8249
13.8261
13.8288
13.8296
13.8393
13.8423
13.8441
13.8482
13.85
13.8472
13.8464
13.847
13.845
13.8468
13.8433
13.8431
13.8448
13.8416
13.8418
13.8416
13.8421
13.8414
13.839
13.8345
13.8327
13.8297
13.8244
13.8225
13.8222
13.8219
13.8276
13.8355
13.8372
13.8397
13.8411
13.8401
13.8472
13.8509
13.8551
13.8615
13.8597
13.864
13.8643
13.8638
13.8634
13.864
13.8599
13.8584
13.8592
13.8625
13.8647
13.8662
13.8687
13.8686
13.8671
13.8614
13.8603
13.8639
13.8613
13.8584
13.8602
13.8524
13.8492
13.8475
13.8498
13.852
13.8479
13.8478
13.8496
13.8541
13.8608
13.8596
13.8593
13.8598
13.8655
13.8663
13.87
13.8741
13.8755
13.8779
13.8823
13.8828
13.8824
13.8837
13.8835
13.8851
13.8936
13.895
13.8935
13.8946
13.894
13.8918
13.8913
13.8893
13.8889
13.895
13.8899
13.8857
13.8877
13.8872
13.8884
13.8867
13.89
13.8919
13.892
13.8921
13.8908
13.8918
13.8915
13.8934
13.891
13.8868
13.8856
13.7976
13.7947
13.7967
13.7959
13.7918
13.7924
13.7926
13.7954
13.7997
13.8022
13.7993
13.7975
13.798
13.8003
13.801
13.8027
13.8018
13.8004
13.7985
13.7973
13.7924
13.7919
13.7923
13.791
13.787
13.7858
13.787
13.786
13.7813
13.7784
13.7746
13.7746
13.7752
13.7732
13.7691
13.7705
13.7716
13.7708
13.7759
13.7801
13.7783
13.7727
13.7708
13.7736
13.7762
13.7727
13.7696
13.7704
13.7701
13.7708
13.7732
13.7767
13.7794
13.7806
13.7798
13.7802
13.7802
13.7858
13.7834
13.7767
13.8639
13.869
13.8675
13.8694
13.8725
13.8767
13.8802
13.8806
13.8778
13.8751
13.8733
13.8703
13.872
13.8769
13.8705
13.8685
13.8628
13.8592
13.8621
13.8634
13.867
13.8638
13.8624
13.8585
13.8608
13.8596
13.8554
13.8573
13.8558
13.8558
13.8621
13.8631
13.8609
13.8593
13.8599
13.8583
13.862
13.8622
13.8587
13.855
13.8547
13.8592
13.8631
13.8608
13.8602
13.8594
13.8553
13.8552
13.8539
13.8562
13.8527
13.7864
13.7865
13.7904
13.7952
13.7955
13.7884
13.7882
13.7942
13.7973
13.7948
13.7955
13.7958
13.7952
13.7963
13.7907
13.7899
13.7899
13.7923
13.7973
13.8006
13.8051
13.8025
13.798
13.8011
13.7999
13.8058
13.8088
13.8084
13.8102
13.8111
13.8135
13.8144
13.8162
13.8191
13.8219
13.8204
13.8196
13.8212
13.8183
13.8148
13.8188
13.8204
13.8205
13.8218
13.8229
13.819
13.82
13.8191
13.822
13.8275
13.8294
13.8256
13.826
13.8252
13.8252
13.8309
13.8305
13.8327
13.8297
13.8325
13.8974
13.8968
13.8948
13.8928
13.8883
13.8944
13.8894
13.8884
13.8925
13.8919
13.8891
13.891
13.8892
13.89
13.8949
13.8926
13.8903
13.8905
13.888
13.8887
13.8859
13.8886
13.8882
13.8883
13.888
13.8871
13.8841
13.8842
13.8815
13.8809
13.8799
13.8763
13.876
13.874
13.8727
13.875
13.8765
13.8796
13.8798
13.879
13.8748
13.8761
13.876
13.8751
13.8728
13.8732
13.8754
13.8759
13.8757
13.8741
13.8725
13.7976
13.7968
13.7959
13.795
13.7945
13.7924
13.7879
13.7847
13.7803
13.7799
13.7772
13.7755
13.7717
13.7732
13.7726
13.7722
13.7718
13.7692
13.7709
13.7694
13.7657
13.7619
13.7555
13.7487
13.7482
13.7477
13.7471
13.7448
13.7392
13.7349
13.7296
13.7299
13.7319
13.7307
13.7269
13.7268
13.7234
13.7252
13.7276
13.7236
13.7218
13.7193
13.7135
13.7109
13.7083
13.6989
13.6972
13.6992
13.6984
13.6995
13.6952
13.6929
13.6906
13.6882
13.6878
13.5916
13.5879
13.5839
13.5809
13.5783
13.65
13.6505
13.6491
13.6512
13.6487
13.6475
13.6473
13.6489
13.649
13.6462
13.6466
13.6478
13.6488
13.649
13.6486
13.6491
13.6493
13.6499
13.646
13.649
13.6558
13.6592
13.6646
13.6706
13.6715
13.6707
13.6687
13.6634
13.6654
13.667
13.6664
13.6675
13.6624
13.658
13.6589
13.6601
13.659
13.6571
13.6539
13.6553
13.6583
13.6594
13.6635
13.6627
13.6625
13.668
13.6687
13.6625
13.6618
13.6543
13.652
13.6544
13.6575
13.6619
13.6591
13.7537
13.7544
13.7517
13.7525
13.7527
13.7505
13.7473
13.7498
13.7495
13.7476
13.7469
13.7507
13.7492
13.7474
13.7517
13.7489
13.7452
13.7449
13.7465
13.742
13.743
13.7394
13.7379
13.7429
13.7409
13.7389
13.7415
13.7413
13.743
13.7436
13.746
13.7499
13.7531
13.7537
13.7572
13.7616
13.7594
13.7624
13.7656
13.7665
13.767
13.7674
13.7681
13.7618
13.7602
13.758
13.7563
13.7532
13.7554
13.7579
13.7573
13.7602
13.768
13.7708
13.778
13.7832
13.7837
13.7868
13.7879
13.7921
13.7928
13.7941
13.7985
13.8015
13.8028
13.8034
13.8043
13.801
13.7994
13.8031
13.8022
13.8004
13.799
13.8009
13.7964
13.7955
13.7957
13.7938
13.7564
13.7605
13.759
13.7585
13.7591
13.7565
13.7581
13.7583
13.7565
13.7533
13.7476
13.7411
13.7395
13.7361
13.7385
13.7381
13.7373
13.7364
13.7362
13.7309
13.7319
13.7298
13.7264
13.7235
13.7244
13.7294
13.7276
13.7257
13.7291
13.7321
13.7305
13.724
13.7212
13.7179
13.7182
13.7213
13.723
13.722
13.7188
13.7126
13.7115
13.7102
13.7111
13.7138
13.712
13.7095
13.7048
13.7041
13.7053
13.7073
13.7068
13.706
13.7048
13.7051
13.7066
13.6972
13.6984
13.7007
13.7025
13.7061
13.7406
13.7414
13.7432
13.7487
13.7459
13.7474
13.7457
13.7446
13.7463
13.75
13.7503
13.7573
13.7568
13.7581
13.7572
13.7578
13.7525
13.7474
13.7449
13.747
13.745
13.7433
13.7459
13.7472
13.7471
13.7495
13.7537
13.7578
13.7574
13.7574
13.7568
13.7575
13.7579
13.7579
13.7584
13.7541
13.7494
13.7489
13.7509
13.751
13.7486
13.7503
13.7491
13.7451
13.7448
13.7445
13.746
13.7485
13.7491
13.7478
13.6628
13.6643
13.6676
13.6689
13.6696
13.6785
13.6772
13.6745
13.6753
13.674
13.6731
13.6697
13.6684
13.6693
13.6741
13.6683
13.6632
13.6633
13.6608
13.6584
13.6583
13.6562
13.6551
13.6539
13.6527
13.6528
13.6596
13.6628
13.6685
13.6727
13.6729
13.6772
13.673
13.673
13.6693
13.668
13.6689
13.6669
13.6596
13.6557
13.6533
13.6577
13.66
13.6618
13.6627
13.6652
13.6645
13.6636
13.661
13.6645
13.6666
13.663
13.6611
13.6593
13.6583
13.6604
13.6647
13.6649
13.6628
13.662
13.7441
13.7403
13.7417
13.7413
13.7386
13.739
13.7425
13.7435
13.744
13.7463
13.7508
13.7555
13.7596
13.753
13.7481
13.7502
13.7526
13.7524
13.7498
13.7507
13.753
13.7571
13.7596
13.7641
13.7653
13.7674
13.7629
13.763
13.7591
13.7584
13.7602
13.7617
13.7702
13.7729
13.7776
13.7804
13.7835
13.7896
13.8011
13.8078
13.8141
13.8163
13.8168
13.8161
13.8153
13.815
13.8183
13.8189
13.8199
13.8204
13.8173
13.8199
13.8228
13.8265
13.8286
13.8304
13.8303
13.8313
13.8356
13.838
13.8406
13.8436
13.841
13.8431
13.8477
13.8475
13.8461
13.8483
13.8469
13.8469
13.8465
13.8447
13.8411
13.8419
13.8433
13.8462
13.8477
13.8489
13.7789
13.7796
13.778
13.7728
13.773
13.7708
13.7709
13.7692
13.7716
13.7717
13.7732
13.7708
13.7725
13.7731
13.768
13.7671
13.7624
13.7586
13.756
13.7536
13.7508
13.7498
13.748
13.7414
13.7425
13.7401
13.7369
13.7332
13.7283
13.73
13.7344
13.7335
13.7345
13.7325
13.731
13.7285
13.726
13.7207
13.7212
13.721
13.7167
13.7182
13.7179
13.7181
13.7207
13.72
13.717
13.7199
13.7192
13.7203
13.7236
13.7233
13.7222
13.7239
13.7232
13.7229
13.7187
13.711
13.7138
13.7145
13.7863
13.7877
13.7909
13.7926
13.7916
13.79
13.7866
13.7864
13.7818
13.7782
13.7773
13.7759
13.7716
13.7655
13.7659
13.7661
13.7637
13.7587
13.7538
13.7529
13.7511
13.7453
13.7483
13.7525
13.7517
13.7493
13.7506
13.7492
13.7518
13.7484
13.7454
13.746
13.743
13.7423
13.7432
13.7462
13.7472
13.7491
13.7469
13.7405
13.7392
13.7387
13.7408
13.7395
13.7399
13.7399
13.7411
13.7421
13.7444
13.7431
13.739
13.7408
13.7374
13.7331
13.7357
13.7424
13.7438
13.7521
13.7521
13.7471
13.7471
13.7449
13.7402
13.7356
13.7339
13.738
13.7456
13.7507
13.7586
13.7672
13.7703
13.7748
13.7793
13.7868
13.7906
13.3692
13.3581
13.3441
13.3293
13.3124
13.2961
13.2807
13.2597
13.2417
13.2228
12.9655
12.9637
12.9661
12.9658
12.9667
12.9648
12.9659
12.9697
12.9697
12.9714
12.9723
12.9737
12.9729
12.9737
12.9773
12.9835
12.9849
12.9863
12.9895
12.9899
12.9892
12.9904
12.9913
12.9897
12.9912
12.9943
12.9899
12.9896
12.9913
12.9917
12.9873
12.9916
12.9914
12.991
12.996
12.9955
12.9959
12.9958
13.0004
13.0037
13.0033
13.0011
12.9974
12.9938
12.9909
12.9894
12.9915
12.993
12.9862
12.9849
13.3816
13.3994
13.423
13.4443
13.4631
13.4847
13.5039
13.5211
13.5417
13.5649
13.8547
13.8595
13.8594
13.8625
13.8676
13.8689
13.8684
13.8733
13.8793
13.8795
13.8798
13.8818
13.8844
13.8864
13.8897
13.8905
13.8894
13.8844
13.8846
13.8825
13.8827
13.8826
13.8803
13.8795
13.8822
13.8838
13.8846
13.8878
13.8875
13.886
13.887
13.89
13.8913
13.8902
13.8877
13.8875
13.8839
13.8864
13.8893
13.8852
13.8821
13.884
13.8823
13.8855
13.8876
13.8893
13.8868
13.8804
13.8816
13.8824
13.8805
13.876
13.8707
13.8714
13.8692
13.8618
13.8583
13.858
13.8562
13.8508
13.8474
13.847
13.8473
13.844
13.8397
13.8398
13.8359
13.8291
13.8254
13.8236
13.812
13.8092
13.8108
13.8105
13.8094
13.8104
13.8106
13.8165
13.8153
13.8163
13.8155
13.8153
13.8116
13.815
13.8125
13.8084
13.8118
13.8116
13.8157
13.8167
13.8178
13.8153
13.8149
13.8151
13.8186
13.8218
13.8223
13.8192
13.8144
13.8162
13.8167
13.8137
13.8152
13.8128
13.8099
13.8084
13.8052
13.8114
13.8181
13.815
13.8172
13.8236
13.8294
13.8294
13.8332
13.8398
13.8478
13.8526
13.8555
13.8607
13.862
13.8655
13.8698
13.8749
13.8789
13.8839
13.8912
13.8972
13.8985
13.9009
13.9125
13.915
13.9129
13.913
13.9137
13.9122
13.9126
13.9105
13.9102
13.9149
13.9162
13.919
13.9229
13.9223
13.9233
13.9243
13.923
13.9253
13.9248
13.9236
13.9223
13.9207
13.9204
13.9222
13.9198
13.9143
13.9166
13.9192
13.9241
13.9246
13.9216
13.9184
13.9229
13.9239
13.9253
13.9255
13.9265
13.9237
13.9216
13.922
13.923
13.9194
13.9125
13.9095
13.9055
13.9022
13.8968
13.896
13.8954
13.8915
13.8879
13.8827
13.8793
13.8783
13.8723
13.8672
13.8617
13.8594
13.8564
13.8522
13.8492
13.845
13.8434
13.8404
13.8406
13.8353
13.8319
13.8305
13.8307
13.8242
13.8224
13.8173
13.8108
13.8104
13.8104
13.8127
13.8111
13.8112
13.774
13.7697
13.7717
13.7666
13.7659
13.7643
13.7601
13.7569
13.754
13.7563
13.7545
13.7528
13.7558
13.7597
13.7535
13.7549
13.7536
13.7522
13.7511
13.7508
13.7471
13.7484
13.749
13.7439
13.741
13.7362
13.7376
13.738
13.7357
13.7332
13.7316
13.73
13.7328
13.7329
13.7309
13.7297
13.7355
13.739
13.7414
13.7404
13.7419
13.7375
13.7409
13.7445
13.7456
13.7453
13.744
13.743
13.7412
13.741
13.7335
13.7337
13.7324
13.7315
13.7331
13.6535
13.6539
13.6541
13.6581
13.6548
13.6917
13.69
13.6915
13.6999
13.6985
13.6979
13.7002
13.7069
13.7073
13.7056
13.7068
13.7092
13.7099
13.7052
13.7068
13.7079
13.7091
13.7093
13.7137
13.7167
13.7214
13.7204
13.7211
13.725
13.7298
13.7346
13.7342
13.7349
13.734
13.7338
13.7314
13.7287
13.7281
13.728
13.7283
13.723
13.719
13.718
13.716
13.7149
13.7129
13.7156
13.7074
13.7051
13.702
13.7025
13.7027
13.7051
13.7056
13.7032
13.709
13.7121
13.7121
13.7139
13.7192
13.7984
13.797
13.7967
13.7919
13.7922
13.7903
13.7953
13.793
13.7906
13.7926
13.7929
13.7958
13.7973
13.802
13.8013
13.7989
13.7955
13.7908
13.7927
13.7916
13.788
13.784
13.7866
13.7349
13.732
13.7284
13.7274
13.7249
13.7235
13.725
13.7258
13.7246
13.7243
13.7235
13.7268
13.7263
13.7289
13.7272
13.7264
13.7279
13.7292
13.7284
13.7273
13.7248
13.7267
13.7282
13.7292
13.7358
13.7305
13.7337
13.7385
13.7141
13.7052
13.7077
13.7104
13.7118
13.7142
13.7185
13.7231
13.7234
13.7224
13.722
13.7214
13.719
13.7192
13.7185
13.7171
13.7168
13.713
13.7115
13.7091
13.7042
13.7039
13.7007
13.6987
13.6972
13.696
13.7005
13.6751
13.675
13.6755
13.6771
13.6742
13.7211
13.7223
13.7247
13.7238
13.7228
13.723
13.7231
13.7206
13.7195
13.7127
13.716
13.7131
13.7161
13.7151
13.7137
13.7116
13.7126
13.7169
13.7216
13.7247
13.7291
13.7275
13.7256
13.7302
13.7329
13.7406
13.7367
13.7333
13.7563
13.7624
13.7599
13.7581
13.7529
13.7442
13.7414
13.7378
13.7359
13.7378
13.7363
13.7337
13.737
13.7369
13.7342
13.7329
13.7338
13.7384
13.7382
13.7436
13.7455
13.7439
13.6709
13.6692
13.6658
13.6685
13.6643
13.6912
13.6923
13.6898
13.6895
13.6902
13.6915
13.6881
13.6847
13.6839
13.6857
13.6859
13.683
13.6865
13.6867
13.689
13.686
13.6847
13.686
13.6851
13.6869
13.6947
13.6947
13.6916
13.6912
13.6877
13.6857
13.6876
13.6883
13.6844
13.6801
13.6798
13.6806
13.6796
13.6775
13.6795
13.679
13.6806
13.6864
13.6869
13.6851
13.6855
13.6813
13.6762
13.6733
13.6716
13.6659
13.6665
13.6702
13.6714
13.6729
13.6225
13.6245
13.616
13.6156
13.615
13.6861
13.6883
13.6924
13.6929
13.6954
13.6967
13.695
13.6934
13.6949
13.6967
13.6964
13.6955
13.6959
13.6968
13.6965
13.6995
13.7007
13.6965
13.6958
13.6975
13.7021
13.7042
13.7033
13.7118
13.7151
13.7104
13.7088
13.7069
13.7001
13.6982
13.6968
13.6897
13.6876
13.6849
13.688
13.6866
13.6892
13.6878
13.6919
13.6924
13.6942
13.6933
13.6869
13.6894
13.6897
13.6899
13.6943
13.6951
13.6968
13.7013
13.709
13.3547
13.3338
13.3136
13.2925
13.3217
13.3018
13.2874
13.2727
13.2556
13.2376
13.2205
13.2083
13.2052
13.2054
13.2054
13.2051
13.2058
13.2031
13.2008
13.2014
13.2042
13.2026
13.2034
13.2021
13.1753
13.1744
13.176
13.1787
13.183
13.1868
13.1886
13.1876
13.1834
13.1839
13.1806
13.1826
13.188
13.1911
13.1933
13.1926
13.1956
13.1967
13.1977
13.1926
13.187
13.1867
13.183
13.1802
13.1791
13.1794
13.1788
13.1832
13.181
13.1432
13.1392
13.1403
13.1442
13.1486
13.1465
13.144
13.4843
13.5026
13.5239
13.5421
13.5632
13.5862
13.6099
13.6263
13.6401
13.6605
13.6811
13.6976
13.7006
13.6984
13.6942
13.6935
13.6922
13.6961
13.6949
13.6946
13.6928
13.6938
13.6958
13.6964
13.7189
13.7231
13.727
13.7273
13.723
13.7196
13.7128
13.7111
13.7086
13.7056
13.7068
13.7059
13.7055
13.7051
13.7002
13.7025
13.7025
13.7031
13.7035
13.7039
13.7112
13.7114
13.7136
13.7154
13.7165
13.7141
13.7132
13.7081
13.709
13.7482
13.7506
13.746
13.7419
13.7389
13.7389
13.7377
13.7411
13.7424
13.7414
13.7416
13.7364
13.732
13.7298
13.7311
13.7358
13.7312
13.7306
13.7262
13.7253
13.7305
13.7019
13.7064
13.7106
13.7053
13.7041
13.7031
13.7052
13.705
13.7004
13.7025
13.7099
13.7082
13.7046
13.7035
13.7043
13.702
13.7054
13.708
13.71
13.7101
13.7129
13.711
13.7125
13.7129
13.7184
13.7212
13.7206
13.7194
13.7219
13.7288
13.7293
13.7294
13.7325
13.7291
13.73
13.7344
13.7362
13.7403
13.7428
13.7489
13.7452
13.7353
13.7344
13.7355
13.7312
13.7287
13.7275
13.7268
13.7285
13.7291
13.7297
13.729
13.7258
13.7273
13.7269
13.7339
13.7377
13.7403
13.7405
13.7358
13.7663
13.763
13.7652
13.7683
13.7733
13.7756
13.7766
13.7821
13.7905
13.7905
13.7876
13.7854
13.7862
13.7872
13.7835
13.7841
13.7864
13.7855
13.7859
13.7851
13.7828
13.7877
13.781
13.7839
13.7842
13.7782
13.7813
13.7851
13.7809
13.7733
13.7743
13.7745
13.7754
13.7803
13.7826
13.7844
13.7876
13.7916
13.7982
13.8004
13.8092
13.827
13.835
13.8383
13.8468
13.8553
13.8582
13.8615
13.8627
13.8624
13.8675
13.8714
13.8697
13.8665
13.8635
13.8584
13.8536
13.8482
13.8504
13.8521
13.8489
13.8507
13.8473
13.8442
13.8393
13.8407
13.8411
13.8399
13.8392
13.8356
13.831
13.8327
13.8323
13.8326
13.8343
13.8362
13.8363
13.8383
13.8392
13.8418
13.849
13.8499
13.857
13.8535
13.851
13.8567
13.8557
13.8547
13.8569
13.863
13.861
13.861
13.8615
13.8616
13.8602
13.8592
13.8609
13.8569
13.8514
13.8492
13.8478
13.842
13.8369
13.8339
13.8306
13.8302
13.8302
13.8297
13.8277
13.8315
13.8266
13.8238
13.8278
13.8263
13.8296
13.8342
13.8351
13.8381
13.8383
13.8402
13.8487
13.847
13.8495
13.8533
13.8525
13.8546
13.8559
13.8527
13.8493
13.8494
13.8525
13.8523
13.8501
13.8457
13.7671
13.7687
13.7613
13.758
13.7565
13.7547
13.7481
13.7402
13.7344
13.7354
13.7359
13.7316
13.7309
13.7308
13.733
13.7275
13.7258
13.7269
13.7297
13.7319
13.7325
13.732
13.7313
13.7296
13.7321
13.7315
13.7303
13.7339
13.7368
13.7353
13.737
13.7315
13.7313
13.7288
13.7315
13.7296
13.7338
13.733
13.7341
13.7378
13.7386
13.7374
13.7361
13.7387
13.7361
13.7346
13.732
13.7333
13.732
13.7339
13.7352
13.7278
13.7222
13.7225
13.7191
13.7187
13.7192
13.7188
13.7215
13.7212
13.7994
13.7964
13.802
13.7981
13.7984
13.7996
13.8002
13.8056
13.8081
13.8051
13.8038
13.8076
13.8078
13.8047
13.8032
13.8083
13.8094
13.8091
13.8068
13.8055
13.8
13.796
13.7907
13.7421
13.7388
13.734
13.7287
13.725
13.721
13.7233
13.7187
13.7183
13.7144
13.7139
13.7104
13.7066
13.7027
13.7051
13.7015
13.7006
13.6999
13.7008
13.7025
13.6981
13.6985
13.6973
13.6974
13.701
13.7048
13.7071
13.711
13.7127
13.7182
13.7226
13.7261
13.7304
13.7338
13.7322
13.7319
13.7372
13.7401
13.7448
13.7461
13.7517
13.7514
13.7471
13.7494
13.7484
13.7454
13.7483
13.7498
13.748
13.7486
13.7539
13.7575
13.7539
13.7554
13.7569
13.6339
13.6311
13.6344
13.6258
13.6279
13.6793
13.6799
13.6824
13.6855
13.6871
13.6919
13.6925
13.694
13.6998
13.7081
13.7139
13.7189
13.726
13.7323
13.734
13.7397
13.7394
13.7448
13.7423
13.7422
13.7469
13.7501
13.7554
13.7556
13.7535
13.7484
13.7464
13.7409
13.741
13.7362
13.7313
13.728
13.7247
13.7212
13.7235
13.722
13.7212
13.7229
13.7198
13.7173
13.7192
13.7203
13.7201
13.717
13.7184
13.7237
13.7278
13.7298
13.7328
13.7369
13.7388
13.7372
13.741
13.7381
13.7376
13.8652
13.8713
13.8753
13.8884
13.8875
13.8885
13.8914
13.8905
13.8943
13.8948
13.8901
13.8864
13.8913
13.8898
13.887
13.8884
13.8883
13.8852
13.8831
13.8813
13.8823
13.8845
13.8815
13.8804
13.8851
13.8861
13.8847
13.8809
13.882
13.882
13.8866
13.8853
13.8904
13.8947
13.8981
13.8991
13.901
13.9019
13.9047
13.9082
13.9113
13.9156
13.9134
13.9153
13.9163
13.9144
13.9143
13.915
13.9113
13.911
13.9104
13.9077
13.9125
13.9148
13.9139
13.9137
13.916
13.9168
13.9183
13.9153
13.9142
13.9068
13.9039
13.904
13.9063
13.9062
13.9041
13.9028
13.9008
13.9028
13.9046
13.9051
13.9014
13.8956
13.8894
13.8813
13.8805
13.8803
13.881
13.7769
13.7738
13.7701
13.7685
13.7738
13.7709
13.7697
13.7694
13.7669
13.7631
13.7613
13.7584
13.7598
13.7575
13.7528
13.7533
13.7548
13.7548
13.7547
13.7541
13.752
13.7536
13.7483
13.7464
13.7457
13.7502
13.7479
13.7509
13.7581
13.7661
13.7676
13.7702
13.7749
13.7727
13.7607
13.755
13.749
13.748
13.7503
13.7541
13.7511
13.7508
13.7523
13.7511
13.7486
13.7478
13.7468
13.7487
13.7509
13.7535
13.7538
13.7568
13.7611
13.7649
13.7719
13.7763
13.7798
13.7797
13.7805
13.7819
13.8902
13.8944
13.9025
13.9082
13.8999
13.8888
13.8758
13.8724
13.8785
13.8835
13.8853
13.8849
13.8857
13.8893
13.8966
13.902
13.9075
13.9112
13.9164
13.9201
13.9222
13.9214
13.9248
13.9315
13.9345
13.9347
13.94
13.9394
13.9394
13.9396
13.9378
13.9202
13.9179
13.9176
13.9222
13.9183
13.919
13.9151
13.9085
13.905
13.906
13.904
13.906
13.9049
13.906
13.9056
13.9078
13.906
13.9078
13.9061
13.9023
13.8996
13.8987
13.8945
13.8947
13.8928
13.8954
13.8903
13.8925
13.8903
13.8876
13.8867
13.8835
13.8778
13.8823
13.8954
13.9094
13.9093
13.9044
13.9048
13.9068
13.9088
13.9068
13.9058
13.899
13.8952
13.8897
13.888
13.8838
13.8784
13.6425
13.6372
13.6344
13.6304
13.6204
13.6141
13.6132
13.6104
13.6083
13.6044
13.6027
13.6168
13.6141
13.6107
13.6168
13.6259
13.6293
13.629
13.6305
13.6285
13.6325
13.6338
13.6315
13.6318
13.6309
13.6281
13.5525
13.5473
13.5455
13.5471
13.5499
13.552
13.5509
13.5532
13.5515
13.5533
13.5494
13.5537
13.5519
13.5514
13.5518
13.5514
13.5515
13.553
13.5558
13.5565
13.5582
13.5652
13.5704
13.57
13.5714
13.5656
13.5663
13.5635
13.5615
13.561
13.5635
13.5688
13.5741
13.5785
13.8108
13.8188
13.8222
13.8216
13.8316
13.8379
13.8359
13.8367
13.8384
13.8411
13.8427
13.8441
13.8416
13.8414
13.8391
13.8348
13.829
13.8268
13.8267
13.8309
13.8259
13.8199
13.8206
13.8227
13.8176
13.8156
13.888
13.8911
13.8893
13.8848
13.8768
13.8773
13.8763
13.8717
13.871
13.8699
13.8718
13.8709
13.873
13.8746
13.8737
13.8689
13.8656
13.8641
13.8647
13.8648
13.8628
13.8614
13.86
13.8561
13.8534
13.8563
13.8556
13.8612
13.8699
13.8678
13.865
13.8567
13.8501
13.8443
13.8432
13.8385
13.8413
13.8391
13.8304
13.8231
13.8218
13.8205
13.819
13.818
13.8168
13.8122
13.8135
13.8156
13.8125
13.8201
13.8264
13.8294
13.8291
13.8254
13.8237
13.8275
13.8257
13.8185
13.8211
13.8214
13.8239
13.8265
13.8317
13.8375
13.8434
13.8412
13.8427
13.8473
13.8498
13.8525
13.8545
13.8576
13.8553
13.8535
13.8491
13.854
13.8542
13.8531
13.8509
13.7793
13.7797
13.7779
13.7734
13.7733
13.7739
13.7741
13.7702
13.7666
13.7647
13.763
13.7651
13.768
13.7685
13.7681
13.7646
13.7627
13.7572
13.7609
13.7646
13.7685
13.773
13.773
13.771
13.7696
13.7698
13.771
13.7663
13.7609
13.758
13.7502
13.7418
13.7411
13.7391
13.7401
13.7464
13.7469
13.7486
13.7549
13.7561
13.76
13.7616
13.7593
13.7494
13.7409
13.7365
13.733
13.7325
13.7316
13.7288
13.7258
13.7236
13.7226
13.7251
13.7226
13.6442
13.6418
13.6387
13.6379
13.6367
13.7055
13.7014
13.7029
13.7028
13.7032
13.6983
13.7008
13.7077
13.7087
13.7089
13.7096
13.7043
13.7025
13.7066
13.7122
13.7149
13.7144
13.717
13.7179
13.7155
13.7163
13.716
13.7152
13.7168
13.7176
13.7169
13.7163
13.7192
13.7226
13.7255
13.7284
13.7338
13.7362
13.7371
13.7351
13.735
13.7337
13.7336
13.7344
13.7339
13.7342
13.7331
13.7328
13.7409
13.7453
13.7491
13.7479
13.7474
13.7484
13.7497
13.7451
13.7453
13.7396
13.7344
13.7366
13.8173
13.8196
13.8195
13.821
13.8272
13.8273
13.8331
13.834
13.8341
13.8379
13.8423
13.8437
13.84
13.8415
13.8397
13.8419
13.8459
13.8483
13.8468
13.8463
13.8487
13.853
13.8538
13.8529
13.8581
13.859
13.8531
13.8577
13.8579
13.858
13.8582
13.8551
13.859
13.8608
13.8643
13.8659
13.8699
13.8709
13.8742
13.8765
13.8759
13.8757
13.8736
13.8712
13.8653
13.8634
13.8605
13.8627
13.8595
13.8582
13.8558
13.8573
13.8566
13.855
13.8548
13.8533
13.8508
13.8528
13.8541
13.8541
13.8555
13.8522
13.8514
13.8518
13.8503
13.8493
13.8392
13.8384
13.8409
13.8388
13.839
13.8383
13.8399
13.8395
13.836
13.8339
13.8333
13.8329
13.8311
13.8276
13.8238
13.8227
13.8211
13.8165
13.8102
13.8073
13.8075
13.8013
13.7996
13.7996
13.8032
13.8137
13.8154
13.8128
13.8153
13.8123
13.8015
13.8028
13.8022
13.8029
13.802
13.7981
13.799
13.7977
13.8079
13.8122
13.8184
13.822
13.8287
13.8347
13.8415
13.8433
13.8426
13.8389
13.8353
13.8387
13.8382
13.8394
13.8404
13.836
13.8352
13.8332
13.8341
13.8326
13.8286
13.8265
13.8347
13.8328
13.8293
13.8308
13.8283
13.8257
13.824
13.815
13.8129
13.8095
13.8075
13.8054
13.8038
13.8043
13.8069
13.8032
13.7986
13.8023
13.8046
13.803
13.8039
13.8072
13.8089
13.8115
13.8107
13.8058
13.804
13.8067
13.8056
13.8086
13.8156
13.8121
13.8093
13.8087
13.8108
13.8156
13.8141
13.819
13.8175
13.8147
13.8123
13.8056
13.8037
13.8011
13.7973
13.7977
13.797
13.8013
13.7983
13.7984
13.7963
13.7905
13.7844
13.784
13.7839
13.7834
13.7837
13.7859
13.7863
13.7873
13.7829
13.7779
13.7799
13.7754
13.7734
13.7741
13.7728
13.7754
13.7762
13.772
13.7713
13.7698
13.768
13.7652
13.7605
13.7613
13.76
13.7545
13.7553
13.7548
13.7537
13.7487
13.7438
13.737
13.7293
13.7236
13.7172
13.7112
13.7035
13.696
13.6924
13.6327
13.6338
13.6304
13.6253
13.6239
13.6256
13.6218
13.6176
13.6136
13.6131
13.6167
13.6148
13.6137
13.6117
13.6109
13.6106
13.6026
13.6056
13.6083
13.61
13.611
13.612
13.6155
13.6148
13.6092
13.611
13.6088
13.6052
13.6058
13.6064
13.6108
13.6128
13.6139
13.617
13.6141
13.6145
13.6154
13.6186
13.6282
13.6307
13.6293
13.6277
13.6299
13.634
13.6368
13.6405
13.6474
13.6487
13.6507
13.6508
13.6538
13.658
13.6627
13.6691
13.6668
13.6702
13.6745
13.6768
13.6805
13.6817
13.7426
13.7405
13.7452
13.7513
13.7537
13.7567
13.7596
13.7632
13.7671
13.7645
13.7587
13.758
13.756
13.7572
13.7588
13.762
13.7673
13.7703
13.7709
13.7721
13.7757
13.7762
13.7756
13.777
13.7899
13.794
13.7841
13.7761
13.7732
13.7739
13.7744
13.7694
13.7685
13.7704
13.771
13.7694
13.771
13.7734
13.7714
13.7732
13.7803
13.7879
13.7897
13.7867
13.79
13.7919
13.7937
13.7982
13.8028
13.8081
13.8087
13.8028
13.8029
13.8035
13.8031
13.7985
13.7979
13.7968
13.798
13.7974
13.7945
13.7955
13.7924
13.791
13.7914
13.7938
13.7916
13.7964
13.7988
13.8055
13.8089
13.8111
13.8118
13.8136
13.8123
13.812
13.814
13.8118
13.8103
13.8089
13.8094
13.8086
13.8086
13.8061
13.7958
13.7864
13.7934
13.8012
13.8037
13.8045
13.8011
13.8015
13.8031
13.7983
13.797
13.7991
13.8011
13.7984
13.7988
13.7941
13.7882
13.7816
13.7766
13.7753
13.7663
13.7661
13.7617
13.754
13.7458
13.7409
13.7466
13.749
13.7491
13.7458
13.7564
13.7593
13.7586
13.7644
13.767
13.7683
13.7727
13.7739
13.7764
13.7806
13.7814
13.7787
13.7812
13.7773
13.776
13.7706
13.7716
13.7692
13.7674
13.7633
13.7624
13.7607
13.7639
13.7671
13.7699
13.7715
13.7685
13.7742
13.773
13.7725
13.7782
13.7806
13.7825
13.7829
13.7799
13.7787
13.7799
13.7844
13.7859
13.7866
13.7931
13.7958
13.7987
13.7959
13.7981
13.8018
13.8026
13.7608
13.7628
13.7661
13.7717
13.7728
13.7742
13.782
13.7913
13.7939
13.7876
13.7899
13.7905
13.7919
13.7875
13.79
13.7908
13.788
13.7877
13.7885
13.788
13.7904
13.7902
13.7872
13.7866
13.7856
13.7852
13.7848
13.7864
13.7892
13.7856
13.785
13.7881
13.7918
13.7942
13.7962
13.7945
13.7906
13.7893
13.7903
13.7929
13.7917
13.7917
13.7931
13.7926
13.7943
13.7979
13.793
13.7938
13.7984
13.7989
13.7998
13.8015
13.8054
13.8069
13.8086
13.8079
13.8163
13.8149
13.8192
13.8233
13.8726
13.8759
13.876
13.8776
13.873
13.8733
13.8703
13.8626
13.859
13.8566
