60
35.8891
34.4741
33.7957
33.4292
33.3372
33.3172
33.2515
33.1808
33.1001
32.9817
32.938
32.9273
31.8201
31.8764
31.9602
32.0122
32.0614
32.0512
32.085
32.1405
32.1927
32.2469
32.3108
32.3821
32.4412
32.5104
32.5991
32.6833
32.7589
32.793
32.8118
32.8683
32.9135
32.9623
33.0129
33.0684
33.1114
33.1743
33.2222
33.2725
33.3193
33.3899
33.4488
33.4984
33.5635
33.6291
33.6667
33.7222
33.7808
33.8262
33.8771
33.9324
33.9805
34.0221
34.0645
34.1147
34.1484
34.1823
34.2232
34.029
34.2646
34.3658
34.4516
34.5417
34.6031
34.6688
34.7314
34.8067
34.9009
35.0026
35.0818
35.1587
35.5422
35.6088
35.6665
35.709
35.7869
35.8752
35.9407
35.9842
36.0325
36.0796
35.4149
35.4572
35.4863
35.5073
35.5007
35.5009
35.5116
35.5427
35.5899
35.61
35.6175
35.6231
35.6171
35.613
35.6057
35.5825
35.5767
35.5754
35.5698
35.5277
35.4902
35.447
35.3796
35.2976
35.2459
35.1943
35.1334
35.0723
35.0042
34.9287
34.8548
34.7812
34.7039
34.6407
34.5898
34.5371
34.4774
34.3988
34.3201
34.2382
34.1663
34.0972
34.0292
33.9394
33.8651
33.798
33.7104
33.6273
33.5659
33.4956
33.4212
33.3625
33.2938
33.2422
33.1553
33.0907
33.0302
32.9824
32.9391
32.8888
33.444
33.3888
33.3578
33.305
33.2825
33.2529
33.2285
33.1967
33.1608
33.1236
33.1291
33.16
33.2178
33.2858
33.3858
33.5005
33.6073
33.7307
33.8731
34.0475
34.2527
34.4803
34.7248
34.9655
35.2544
35.5451
35.852
36.1715
36.5067
36.8446
37.2148
37.5974
37.9673
38.2215
38.6136
39.0345
39.4574
39.9353
40.3702
40.8374
41.347
41.8678
42.4356
42.9962
43.5745
44.1398
44.7194
45.3151
45.8916
46.4981
47.1948
47.8952
48.5928
49.2948
50.0969
50.8746
51.5989
52.3472
53.1122
53.9318
54.8416
55.7213
56.5908
57.589
58.6136
59.5981
60.54
61.5238
62.641
63.8118
64.8736
65.862
66.8553
67.7743
68.5158
69.2423
70.082
70.8898
71.4436
72.0098
72.4124
72.7704
73.163
73.7206
73.9579
74.1027
74.211
74.3582
74.5898
74.8351
74.9135
75.0079
75.1893
75.8011
75.9607
76.0217
76.0607
75.9187
76.0707
76.1096
76.0564
75.95
75.7688
75.7577
75.6163
75.3901
75.3317
75.2946
75.2769
75.3126
75.1565
74.9563
74.7869
74.6585
74.4469
74.274
74.3559
74.395
74.2847
74.1133
73.8687
73.7358
73.6431
73.517
73.3375
73.1605
73.0127
72.902
72.6508
72.4454
72.281
72.1575
72.076
72.0194
71.9383
71.7641
71.51
71.2194
71.1306
70.9466
69.6691
69.735
69.6503
69.5332
69.4592
69.4115
69.333
69.2331
69.056
68.9756
68.9281
68.6873
68.5475
68.3194
68.0645
67.8368
67.6597
67.4956
67.2941
67.1084
66.9734
66.8453
66.7011
66.5163
66.3967
66.5038
66.4907
66.2719
65.9752
65.7876
65.6225
65.525
65.4276
65.3377
64.6117
64.3229
64.1447
64.1148
64.14
64.1836
64.1321
64.0115
63.8838
63.7378
63.6436
63.6744
63.7097
63.777
63.8811
63.8705
63.8945
63.8917
63.8213
63.7849
63.861
63.9441
63.9349
63.9312
63.9056
63.9475
64.9828
64.8658
64.8548
64.8574
65.0117
65.1609
65.2364
65.304
65.3669
65.3915
65.4758
65.7287
65.8069
65.8725
65.9752
66.1031
66.2628
66.3724
66.4917
66.5953
66.648
66.6816
66.793
66.986
67.0863
67.0017
66.9464
67.0655
67.2876
67.3627
67.4781
67.697
67.8717
68.046
68.8855
69.2513
69.4528
69.3831
69.4342
69.4443
69.5608
69.7428
69.6638
69.9221
70.0583
70.084
70.1147
70.0712
69.9796
70.0239
70.0761
70.15
70.1252
69.9689
69.8432
69.7877
69.8442
69.9058
70.0755
70.2371
70.3098
70.3187
70.323
70.2807
70.1714
70.1001
70.1349
70.1301
70.0928
69.9322
69.8104
69.6745
69.6834
69.8429
69.9118
69.9025
69.8184
69.8854
69.9822
70.0699
70.0283
69.9726
69.8706
69.722
69.7261
69.7656
69.7732
69.8215
69.9264
69.9562
69.983
69.8936
69.868
69.9298
69.9144
69.9506
69.9048
69.9139
69.8757
69.9681
70.0219
70.0094
70.2853
70.2254
70.1894
70.3215
70.3622
70.389
70.4158
70.4097
70.4335
70.4701
70.4379
70.4769
70.4601
70.4985
70.5877
70.6782
70.7121
70.6485
70.5702
70.5761
70.621
70.7037
70.7288
70.7545
70.7537
70.7076
70.6899
70.7287
70.7159
70.7344
70.8339
70.8992
70.9279
70.9888
71.0979
71.221
71.2744
71.2458
71.3597
71.5395
71.7886
71.8633
71.8536
71.7721
71.8386
71.9514
72.0065
72.0155
71.9791
71.913
71.8888
71.7421
71.804
71.7047
71.6738
71.7134
71.7183
71.6334
71.6229
71.6718
71.5793
71.4817
71.4702
71.4028
71.4568
71.6009
71.703
71.7284
71.6431
71.5353
71.6348
71.8298
71.9892
72.0386
71.9944
71.9879
72.0145
72.0389
72.0642
72.1131
72.1645
72.1646
72.2407
72.1781
72.0354
72.1469
72.2482
72.3791
72.383
72.5434
72.4934
72.3518
72.314
72.2899
72.3217
72.2209
72.1107
72.0928
72.0933
72.1249
72.0517
72.0847
72.0656
72.1416
72.1979
72.2244
72.184
72.2124
72.2623
72.368
72.5194
72.6575
72.6045
72.67
72.7571
72.9021
72.9274
72.967
71.3688
71.3064
71.3839
71.5367
71.5772
71.4397
71.3823
71.323
71.323
71.4152
71.5301
71.5782
71.5723
71.5452
71.6264
71.6474
71.6924
71.6732
71.6223
71.648
71.8139
71.9117
71.8894
71.867
71.817
71.9188
72.0319
72.0014
71.9958
72.0171
72.0984
72.0564
72.0445
72.0313
72.0176
72.1015
72.13
72.0863
72.1983
72.3151
72.4555
72.4013
72.4463
72.4876
72.7394
72.914
72.9586
72.9302
73.0402
73.1285
73.1913
73.2589
73.2716
73.3239
73.271
73.1264
72.9512
72.7208
72.625
72.5287
74.0381
74.0464
74.0127
73.8085
73.6492
73.6623
73.6158
73.5785
73.5163
73.5304
73.5123
73.4767
73.3701
73.3113
73.2407
73.3179
73.3028
73.176
73.0564
72.8759
72.6192
72.4465
72.3538
72.3244
72.2898
72.0995
71.9726
71.8455
71.7039
71.5214
71.4047
71.2909
71.2463
71.2856
71.3445
71.1995
71.0108
70.9202
70.6393
70.2687
69.9534
69.8231
69.6431
69.5426
69.3015
69.0904
68.9333
68.6714
68.3999
68.2276
68.1065
67.9483
67.8422
67.7715
67.7028
67.6887
67.6465
67.6102
67.565
67.5239
67.5499
67.5084
67.4678
67.5111
67.6038
67.5892
67.5772
67.4239
67.2561
67.0381
66.9022
66.8053
66.769
66.6401
66.5259
66.3626
66.3667
66.3435
66.3777
65.1863
65.2166
65.2909
65.331
65.3098
65.3068
65.4341
65.4984
65.4914
65.4541
65.4478
65.4219
65.3407
65.3011
65.2678
65.2031
65.2277
65.1894
65.1207
65.0902
65.1424
65.1458
65.1357
65.1645
65.1185
65.1239
65.2042
65.211
65.34
65.3962
65.3861
65.2932
65.2465
65.2436
65.216
65.363
65.3432
65.3781
65.4847
65.543
65.5076
65.5514
65.6242
65.7198
65.7554
65.7699
65.8294
65.8309
65.966
66.116
66.3021
66.3806
66.429
66.4156
66.4763
66.4904
66.5171
66.517
66.6671
66.6536
67.9382
67.9662
67.9405
67.9699
67.9889
68.0127
67.9621
67.9189
67.9501
68.0125
68.1413
68.3413
68.5945
68.7269
68.7888
68.8589
68.9557
69.1164
69.3436
69.4876
69.6748
69.8305
69.9781
70.0356
70.0509
70.015
69.9742
70.0422
70.1275
70.3606
70.4977
70.6918
70.7688
70.7929
70.9141
70.9268
71.1498
71.2908
71.3058
71.4458
71.5431
71.6175
71.6189
71.6455
71.8334
71.846
71.8817
71.9628
71.9652
72.0477
72.0755
72.1168
72.1275
72.3286
72.5863
72.765
72.8165
72.821
72.7875
72.9038
73.1127
73.2565
73.3801
73.4764
73.6005
73.7262
73.8406
74.0486
74.3107
74.526
74.5544
74.525
74.4473
74.6
74.6705
74.6267
74.5915
74.4878
74.5472
74.6521
74.708
72.1296
72.272
72.3881
72.5987
72.7654
72.982
73.0165
73.0834
73.0413
73.1011
73.0798
73.1733
73.2236
73.1833
73.2595
73.2399
73.2965
73.3503
73.4458
73.532
73.5485
73.6219
73.6544
73.5977
73.6466
73.7188
73.7879
73.972
73.9056
73.7829
73.7871
73.9361
74.0277
73.8451
73.8413
73.9585
74.01
74.1986
74.2012
74.1112
74.0525
73.1057
72.8911
72.833
72.7356
72.7219
72.8198
72.7629
72.7452
72.8033
72.9258
72.9737
72.8185
72.7634
72.9163
72.897
72.9918
72.9111
72.9564
73.01
75.7278
75.5982
75.5638
75.6068
75.6229
75.5088
75.5309
75.5653
75.5864
75.5603
75.6343
75.716
75.824
75.808
75.7521
75.7383
75.8357
75.8503
75.6562
75.7341
75.7564
75.795
75.7378
75.668
75.6973
75.7595
75.6454
75.4839
75.5087
75.5765
75.6793
75.7784
75.6893
75.7642
75.8119
75.9212
75.926
75.7592
75.8184
75.954
75.8117
76.7816
76.9814
76.9933
77.0388
77.049
76.8928
76.8194
76.6802
76.5519
76.4809
76.3909
76.3484
76.3214
76.1976
76.2615
76.14
76.0698
76.0377
75.9949
75.9702
75.8407
75.7924
75.5619
75.4561
75.4139
75.512
75.4363
75.3445
75.3635
75.3031
75.3376
75.2822
75.3447
75.3706
75.4869
75.426
75.4841
75.6247
75.7255
75.6784
75.6017
75.5924
75.6611
75.723
75.6919
75.7953
75.9268
76.0646
76.0929
76.0693
73.3718
73.405
73.4052
73.408
73.3941
73.3481
73.4111
73.4061
73.4106
73.5334
73.5648
73.5995
73.696
73.7583
73.7283
73.7744
73.8827
74.1165
74.2463
74.2145
74.2887
74.4526
74.5691
74.5988
74.5734
74.793
74.9491
74.9512
74.9291
75.0057
75.1607
75.3306
75.6012
75.8949
76.0698
76.1187
76.3108
76.3874
76.4887
76.5606
76.6316
76.7257
76.7747
76.3219
76.339
76.467
76.5241
76.6081
76.6834
76.8347
76.9913
77.22
77.2977
77.3319
77.4685
77.6342
77.6566
77.7198
77.8827
77.9557
81.0301
81.1996
81.3555
81.4037
81.4789
81.7578
81.9034
81.9997
82.0236
82.1389
82.3218
82.5125
82.6378
82.6899
82.8666
83.0607
83.1356
83.1151
83.286
83.3878
83.5302
83.5855
83.6697
83.7577
83.9159
84.0021
84.0563
84.2028
84.3979
84.4465
84.4541
84.4598
84.4681
84.3772
84.3589
84.4179
84.268
84.3015
84.3414
84.5157
84.4496
84.4616
84.5739
85.2381
85.3084
85.3374
85.3744
85.3998
85.3862
85.4482
85.4641
85.3436
85.4058
85.4218
85.3788
85.3842
85.421
85.3522
85.413
85.5017
85.5167
85.5007
85.5574
85.545
85.4729
85.4935
85.4729
85.5246
85.6225
85.7713
85.7271
85.7474
85.7294
85.6936
85.6375
85.644
85.6542
85.6737
85.6523
85.7156
85.702
85.7209
85.7513
85.8247
85.798
85.8422
85.8912
85.9309
85.9413
85.9607
86.0157
86.0928
86.1107
86.1509
86.2855
86.2973
86.4332
86.5178
86.6182
86.5672
86.6344
86.6459
86.4669
86.4872
86.4252
86.3491
83.1536
83.1944
83.1593
83.1622
83.1441
83.1579
83.1389
83.1948
83.2156
83.1539
83.2015
83.2227
83.1559
83.2019
83.2169
83.2021
83.2605
83.3645
83.4028
83.3935
83.4911
83.4704
83.4378
83.509
83.529
83.461
83.5219
83.5161
83.5179
83.5061
83.5346
83.5218
83.546
83.6226
83.6249
83.5867
83.5356
83.4981
83.5143
83.4952
83.4864
83.3633
83.3406
83.397
83.4479
83.3601
83.3389
83.354
83.1249
83.1324
83.0635
82.8722
82.7768
82.851
82.7697
82.7293
82.9114
82.8922
82.9145
82.9148
86.139
86.0943
86.1186
86.1156
86.1407
86.162
86.1891
86.1746
86.134
86.2141
86.1037
86.0901
86.1119
86.1068
86.1215
86.1703
86.114
86.0831
86.1447
86.0537
85.9444
85.9554
85.9888
85.9089
85.8962
85.9345
85.9496
85.887
85.8479
85.8181
85.6756
85.6033
85.4396
85.333
85.2795
85.1928
85.1001
85.102
84.9546
84.7512
84.6811
84.7857
84.5159
84.3726
84.2684
84.1992
84.0118
83.6954
83.6269
83.3536
83.3395
83.2978
83.0918
82.7831
82.7431
82.7344
82.5382
82.4635
82.4996
82.4941
82.373
82.3045
82.2877
82.1748
82.0441
81.9529
81.8828
81.6724
81.4525
81.1992
81.1683
80.9967
80.8354
80.6421
80.4741
80.3382
80.1247
79.9153
79.6325
79.5694
79.4434
79.1922
78.8718
78.6296
78.529
78.4899
78.306
78.2167
78.0391
77.9133
77.8617
77.7589
77.6835
77.5074
77.3879
77.3592
77.2268
77.1218
77.0929
77.0937
77.0694
76.8618
76.7534
75.0846
75.1255
75.1448
74.8668
74.9142
74.9999
75.1103
75.0399
74.9857
74.9159
74.9329
74.8608
74.7877
74.735
74.7141
74.6313
74.6557
74.5938
74.4116
74.2029
74.1122
74.1925
74.1091
73.9378
73.9798
74.1462
74.2141
74.076
74.025
73.9235
73.9427
73.9437
73.8233
73.7816
73.798
73.91
73.9467
73.9034
73.9417
74.0428
74.2296
74.2095
74.0165
73.9651
74.0843
74.261
74.1414
74.079
74.0535
74.0648
74.1732
74.1448
74.0033
73.9799
73.9694
74.0742
74.018
73.9121
74.004
74.2227
75.9331
75.8346
75.6835
75.9474
76.0756
75.8767
75.7228
75.6242
75.6184
75.7856
75.9129
75.8836
75.8357
75.8854
75.9725
75.9351
75.7679
75.7955
76.0139
76.0796
76.0272
75.7769
75.8158
75.969
75.9681
75.8785
75.8102
75.9381
76.0571
76.0874
75.9898
75.9872
76.1691
76.2333
76.209
76.1574
76.1757
76.2323
76.1643
76.0852
75.9497
75.947
76.0591
75.9761
75.7876
75.6613
75.8436
76.0559
76.1315
76.1681
76.06
76.203
76.408
76.5439
76.4827
76.4819
76.5027
76.6317
76.6553
76.7423
76.6781
76.6819
76.7644
76.8701
76.8162
76.9716
76.9809
77.0023
77.1426
77.023
76.8212
76.8018
76.8255
76.9083
76.7721
76.7617
76.7396
76.8309
76.7331
76.7255
76.7786
76.8606
76.8788
76.6978
76.6159
76.5459
76.549
76.6109
76.6073
76.5688
76.5459
74.1299
73.9983
74.0369
74.1941
74.2447
74.0834
74.0042
74.1172
74.2761
74.2381
74.2205
74.2296
74.4202
74.5368
74.6003
74.5623
74.4412
74.46
74.4004
74.3517
74.2328
74.1373
74.155
74.1812
74.1098
74.1233
74.0902
74.0661
73.9437
73.8683
73.8076
73.838
73.8711
73.897
73.9426
74.1053
74.1823
74.1897
74.2598
74.3931
74.4607
74.4238
74.2862
74.2172
74.2449
74.2758
74.1092
74.1001
74.1771
74.2967
74.2648
74.2302
74.2798
74.3903
74.509
74.5479
74.3958
74.3118
74.4636
74.5626
77.0008
77.0547
77.0679
77.0717
77.0625
76.8086
76.8266
76.893
76.8632
76.8721
76.8291
76.8094
76.8507
76.876
76.7425
76.6452
76.5781
76.6377
76.6446
76.6493
76.6139
76.6497
76.6291
76.5993
76.473
76.4535
76.3611
76.3721
76.2969
76.2133
76.2417
76.2051
76.2086
76.1276
76.0394
75.7695
75.7295
75.8142
75.8959
75.9355
75.9392
76.0256
76.0164
75.9937
75.8932
75.8864
75.9984
75.9877
75.9207
75.7483
75.8646
75.9715
76.0458
76.0295
76.0184
76.0756
76.1235
76.2058
76.1732
76.1693
76.1377
76.1187
76.1491
76.1387
76.1765
76.5437
76.6853
76.7892
76.7997
76.9464
77.1131
77.2262
77.1578
77.1008
77.215
77.3717
77.4176
77.3226
77.3875
77.558
77.5655
77.4475
77.2546
77.2335
77.2737
77.3976
77.4197
77.368
77.4503
77.571
77.641
77.5421
77.3768
77.3513
77.4064
77.6158
77.5724
77.3932
77.2607
77.2197
77.2836
77.2912
77.3856
77.5981
77.6003
77.5492
77.4916
77.5499
77.6512
77.6396
77.4534
77.3504
77.3478
77.3507
77.3764
77.3602
77.431
77.5353
77.5088
77.475
77.4932
77.4658
77.3891
77.1972
77.0456
76.9244
76.904
76.7439
76.5822
76.4038
76.2482
76.1235
76.1193
76.0482
75.9903
75.8554
75.9431
75.9982
75.9024
75.7547
75.7969
75.9658
76.1941
76.3226
76.4479
76.4909
76.6589
76.7433
76.7501
76.8025
76.8742
76.9716
77.065
77.2569
77.2492
77.1784
77.2207
77.3393
77.4781
77.4716
77.3711
77.4184
77.469
77.2943
77.3652
77.4985
77.6355
77.5944
77.5338
77.6997
77.9982
77.9266
77.5519
77.3714
77.3384
77.4232
77.3478
77.2312
77.2646
77.227
77.3179
77.3195
77.3869
77.5961
77.7876
77.9302
77.8803
78.0349
78.224
78.3395
78.4323
78.5815
78.5484
78.6773
78.7906
78.9708
78.992
78.9689
79.1019
79.2987
79.328
79.2403
79.1278
79.0474
79.1275
78.9343
78.6084
78.4637
78.5568
78.5003
78.3671
78.3242
78.2498
78.2223
78.2541
78.2764
78.3573
78.3772
78.1706
78.0153
77.9525
77.8466
77.8963
78.0499
78.0316
77.8815
77.7837
77.9424
78.0076
77.9336
77.9366
78.1979
78.5533
78.8134
78.9349
78.863
78.9449
78.937
79.0199
79.11
79.0637
79.0563
78.9886
78.8001
78.7097
78.6531
78.6994
78.6132
78.5141
75.6359
75.635
75.4976
75.4915
75.4306
75.4222
75.1877
74.8863
74.8716
74.8055
74.7715
74.8657
74.8807
74.8614
74.8485
74.7627
74.7369
74.8469
74.8203
74.6423
74.6967
74.8063
74.7078
74.7397
74.6695
74.6781
74.7041
74.7078
74.6425
74.7356
74.8063
74.8416
74.8745
74.6792
74.5026
74.3294
74.3709
74.3872
74.2537
74.2325
74.1774
73.9134
73.7366
73.6889
73.7095
73.6344
73.5546
73.4897
73.5115
73.4643
73.3259
73.211
73.2267
73.1558
73.2842
73.2296
73.2231
73.2
73.12
73.1765
75.6677
75.5667
75.471
75.4805
75.5397
75.4909
75.6039
75.8217
75.8762
75.8635
75.7502
75.6479
75.665
75.774
75.76
75.6489
75.7173
75.9451
76.1005
76.223
76.1659
76.2465
76.485
76.4612
76.5009
76.541
76.5137
76.4684
76.5067
76.652
76.5921
76.6347
76.6431
76.7181
76.8637
77.0954
77.1857
77.2762
77.2831
77.0738
77.0718
77.211
77.3697
77.4252
77.066
76.9771
77.0613
77.2017
77.2513
77.2014
77.3801
77.6101
77.6631
77.8079
77.542
77.7273
77.8176
77.8102
77.8967
77.9317
78.2186
78.1677
78.1751
78.1457
78.1783
78.2382
78.2252
78.2405
77.9745
78.0394
78.0185
77.9448
77.8386
77.7363
77.8418
77.8153
77.7271
77.5789
77.5376
77.6531
77.6849
77.5439
77.5439
77.6872
77.715
77.7082
77.8642
77.9807
77.8834
77.7781
77.9622
77.9992
78.0097
75.9026
75.8057
75.8486
75.9039
75.8434
75.8421
75.9961
76.2175
76.2484
76.168
76.2026
76.3964
76.4258
76.4082
76.3243
76.3641
76.3757
76.3521
76.3198
76.4227
76.3757
76.5602
76.4542
76.4301
76.3737
76.2018
76.0604
76.0416
76.2183
76.1925
76.1896
76.1874
76.233
76.2619
76.288
76.5549
76.6723
76.5611
76.5673
76.5758
76.6706
76.7363
76.8112
76.8619
76.9211
77.0131
76.9258
76.9355
76.9461
76.8633
76.7303
76.6958
76.6487
76.6291
76.607
76.4474
76.3749
76.3689
76.4053
76.213
78.1332
78.0988
77.9541
77.8926
77.8475
77.7632
77.6911
77.5303
77.5525
77.513
77.4804
77.4807
77.496
77.4561
77.3566
77.1524
77.065
77.0575
77.0834
76.8796
76.8807
76.9481
76.9677
76.944
77.0066
77.084
77.2154
77.1608
77.0928
77.2221
77.158
77.2013
76.9408
76.8753
76.8802
76.7909
76.7261
76.8158
76.7432
76.81
76.8817
76.7561
76.7809
76.7326
76.6676
76.6314
76.5585
76.3875
76.3865
76.3632
76.4177
76.4341
76.4675
76.4607
76.37
76.6281
76.6952
76.661
76.6484
76.7334
76.8204
76.8653
77.0641
77.1124
77.0218
76.9764
77.0261
77.0476
76.9458
76.9597
76.8463
76.9241
77.0193
77.0366
77.0901
77.2001
77.3799
77.3751
77.259
77.3786
77.4456
77.449
77.2814
77.2438
77.3461
77.3316
77.1587
77.1095
77.1611
77.3147
77.439
77.3657
77.6173
77.7757
74.9429
75.0135
74.9897
75.079
75.2676
75.3621
75.2435
75.2439
75.1952
75.1339
75.0662
75.0378
74.9843
75.107
75.1288
75.2433
75.2815
75.2209
75.2023
75.1973
75.0328
74.8971
74.9148
75.0054
75.0716
75.1645
75.3347
75.469
75.354
75.3078
75.4317
75.6427
75.6344
75.5452
75.6015
75.5886
75.8176
75.7205
75.6112
75.6244
75.6646
75.6417
75.5254
75.4885
75.583
75.5916
75.5397
75.5005
75.7426
75.8076
75.6953
75.789
75.9827
75.9812
75.984
75.8368
75.825
75.8127
75.7069
75.5326
78.4029
78.5002
78.4532
78.4857
78.4865
78.4339
78.3209
78.2835
78.2859
78.4534
78.577
78.4046
78.4021
78.3644
78.4178
78.3901
78.2582
78.1559
78.0314
77.9305
78.1426
78.0898
77.9224
77.7056
77.5846
77.5777
77.4989
77.4519
77.473
77.5422
77.4753
77.2473
77.2205
77.1629
77.29
77.2086
77.0912
77.19
77.2704
77.2779
77.1941
77.2018
77.2398
77.3696
77.2529
77.1708
77.134
77.1596
76.9924
76.8721
76.7962
76.7333
76.6808
76.6389
76.5061
76.3355
76.2048
76.3031
76.3269
76.32
76.224
76.0667
76.1696
76.1676
76.0192
75.8984
75.9513
76.0171
75.891
75.7685
75.6264
75.7074
75.8728
75.9009
75.7165
75.4833
75.4435
75.5228
75.7103
75.7084
75.6415
75.8116
75.9875
76.0352
75.9945
75.9676
76.0458
76.0519
76.0124
75.9384
76.0164
76.2615
76.2898
73.5625
73.5234
73.6643
73.7144
73.7658
73.8256
73.8616
73.9967
74.1617
74.1693
74.0336
74.0374
74.1094
74.113
73.9181
73.8106
73.8351
73.9753
74.0268
73.9177
73.9942
74.0798
74.2727
74.2733
74.063
73.9782
74.0472
74.2077
74.1112
73.9043
73.7726
73.784
73.7661
73.8471
73.7758
73.8678
74.0031
74.16
74.3045
74.1864
74.1618
74.1678
74.3241
74.3075
74.2511
74.1374
74.1367
74.2327
74.048
73.8693
73.8696
73.7971
73.7758
73.7399
73.5687
73.4786
73.3924
73.3102
73.2245
73.1743
75.8846
75.7805
75.6768
75.639
75.4777
75.2679
75.2134
75.1805
75.103
75.0395
75.0181
75.0412
75.1189
75.1528
75.2864
75.4322
75.5221
75.3985
75.3104
75.3235
75.3371
75.4766
75.466
75.4712
75.5396
75.7227
75.7272
75.6363
75.8226
76.0732
76.3066
76.3419
76.4025
76.4005
76.5027
76.5441
76.4644
76.3406
76.324
76.2682
76.3006
76.4363
76.4334
76.6117
76.722
76.6443
76.7019
76.7454
76.9303
77.0715
77.1683
77.4262
77.4915
77.503
77.6569
77.9213
78.03
78.0788
78.1044
78.2791
78.4185
78.4662
78.6301
78.7129
78.8369
78.9634
79.0566
79.0157
78.9406
79.0154
79.2105
79.2505
79.0794
79.1035
79.1996
79.2668
79.2308
79.3347
79.5357
79.5995
79.5466
79.3311
79.3222
79.4346
79.3784
79.1872
79.1635
79.2018
79.1376
78.864
78.7349
78.9043
79.0569
79.0069
76.9385
77.0562
77.1478
77.2487
77.0633
77.0576
77.0187
77.0073
76.9851
76.8448
76.8198
76.9765
77.0346
76.7924
76.8053
76.7917
76.8752
76.7485
76.7144
76.6983
76.7721
76.7202
76.6895
76.63
76.59
76.5469
76.5203
76.488
76.4433
76.4282
76.2877
76.1683
76.0143
76.0373
75.9244
75.8073
75.5928
75.4486
75.4949
75.5304
75.4329
75.368
75.3661
75.3878
75.2235
75.1349
75.1349
75.2892
75.2978
75.1939
75.2216
75.2339
75.2993
75.2668
75.2654
75.3963
75.385
75.3602
75.2789
75.3123
77.2855
77.3314
77.28
77.2053
77.3802
77.5457
77.5938
77.6236
77.6166
77.7856
77.7123
77.5606
77.4237
77.6753
77.7256
77.5956
77.4145
77.4124
77.5208
77.5169
77.4277
77.1847
77.2376
77.3553
77.2399
77.0894
76.9899
77.1247
77.1038
77.0163
77.1607
77.3796
77.5363
77.5167
77.6955
77.8633
77.8027
77.843
77.7807
77.7343
77.873
77.8023
77.6285
77.4986
77.5022
77.6676
77.6446
77.496
77.3749
77.4449
77.4988
77.5148
77.4253
77.3931
77.469
77.5331
77.5184
77.4607
77.4938
77.5119
77.5317
77.4357
77.4672
77.584
77.5368
77.3973
77.3737
77.3753
77.2978
77.17
77.2603
77.3862
77.5368
77.4915
77.4443
77.6157
77.7005
77.7161
77.6503
77.6806
77.7965
77.9856
77.9517
78.0039
78.1814
78.2932
78.4377
78.4455
78.3724
78.3657
78.3699
78.3536
78.2663
78.2087
78.1421
75.6983
75.7986
75.7816
75.8637
75.7908
75.7297
75.8543
76.0761
76.1196
76.1399
76.1232
76.2702
76.3678
76.4351
76.3698
76.4231
76.5156
76.4827
76.4871
76.4843
76.5455
76.6182
76.6582
76.6789
76.7661
76.789
76.7816
76.8645
76.8723
76.8238
76.8242
76.8641
76.7634
76.74
76.7624
76.7305
76.7928
76.7366
76.6725
76.6353
76.6649
76.7231
76.6509
76.5479
76.3886
76.2924
76.2385
76.2211
76.116
76.16
75.9997
75.8642
75.647
75.5763
75.5929
75.5721
75.3899
75.3713
75.365
75.4493
77.7921
77.821
77.8608
77.8094
77.8512
77.7011
77.5227
77.3709
77.3623
77.4702
77.43
77.2976
77.28
77.4203
77.4558
77.3859
77.2913
77.3263
77.3948
77.1578
76.9517
76.859
76.7916
76.8292
76.6449
76.4485
76.384
76.3149
76.2339
76.1379
76.0606
75.9089
75.8275
75.9085
75.8652
75.8174
75.6612
75.4952
75.4209
75.4053
75.3225
75.1655
75.1367
75.1301
75.3325
75.3804
75.2889
75.2227
75.2353
75.1435
75.1885
75.22
75.2259
75.2279
75.2053
75.0552
75.0498
75.0404
75.0392
74.9608
74.9337
74.9172
74.9458
74.933
74.9451
74.909
74.9273
74.817
74.7335
74.6199
74.6363
74.6068
74.4604
74.2935
74.3318
74.3917
74.4403
74.4981
74.4824
74.7486
74.8045
74.8476
74.8507
74.7664
74.9337
75.0524
75.0619
75.044
75.117
75.2473
75.3399
72.6425
72.7662
72.7067
72.6594
72.6412
72.7428
72.8305
72.7303
72.6777
72.6906
72.801
72.9212
72.9359
72.8391
72.8107
72.9978
73.0256
72.9477
72.8911
73.0327
73.1144
73.1216
73.1548
73.161
73.311
73.2529
73.2156
73.274
73.3066
73.4479
73.4915
73.438
73.4101
73.517
73.6575
73.7373
73.9024
74.0261
73.9826
73.7961
73.8332
73.958
74.0642
74.0683
73.8757
73.781
73.7512
73.7197
73.6604
73.7011
73.6844
73.6704
73.6908
73.567
73.4957
73.4988
73.4896
73.4295
73.3199
73.327
76.1398
75.9781
76.0986
76.1481
75.9949
75.8794
75.7315
75.8184
75.8854
75.8341
75.742
75.7003
75.8135
75.8792
75.7774
75.6286
75.5378
75.5286
75.5908
75.532
75.4906
75.5016
75.5233
75.5395
75.3979
75.4506
75.5047
75.5582
75.5552
75.4111
75.3658
75.4997
75.6348
75.4632
75.3318
75.2366
75.295
75.3369
75.2941
75.3324
75.2646
75.2291
75.245
75.2025
75.3567
75.5163
75.6708
75.7365
75.6896
75.4563
75.5472
75.6867
75.6677
75.7029
75.8997
75.9561
75.8184
75.7534
75.8008
75.9097
75.9144
75.9642
75.8365
75.8397
76.1294
76.1975
76.2179
76.2269
76.1829
76.2734
76.1928
76.0514
75.8466
75.655
75.6402
75.7253
75.8195
75.796
75.6934
75.7317
75.8614
75.9296
75.9711
75.9653
76.1939
76.2737
76.2889
76.2099
76.2812
76.3163
76.3407
74.4412
74.4074
74.5471
74.6694
74.8138
74.7947
74.8273
74.9243
75.0964
75.2719
75.4057
75.3698
75.4171
75.4453
75.5049
75.3775
75.3305
75.3604
75.6658
75.6631
75.572
75.5699
75.624
75.5152
75.5176
75.6781
75.8272
75.9304
75.8701
75.9622
76.1671
76.292
76.3646
76.2785
76.3703
76.5163
76.5564
76.6333
76.7217
76.8997
77.054
77.2466
77.5203
77.6419
77.6445
77.7353
77.9298
77.9821
77.961
77.8868
77.9325
77.9651
77.9568
77.8889
77.9632
77.969
78.0045
77.9136
78.0104
78.0104
79.9948
79.9796
79.9386
79.9357
79.8153
79.645
79.4107
79.4432
79.3133
79.0882
78.8813
78.778
78.8556
78.8494
78.6881
78.6332
78.5084
78.494
78.373
78.1274
77.9707
77.8832
77.8722
77.951
77.952
77.8615
77.6276
77.4705
77.4295
77.3475
77.1709
77.0308
76.9664
77.01
76.7825
76.6273
76.5825
76.4818
76.305
76.3069
76.1949
76.0233
75.7614
75.6903
75.6917
75.6169
75.5373
75.5608
75.6292
75.6274
75.5277
75.3757
75.3442
75.3824
75.3416
75.3015
75.244
75.2631
75.1853
75.1996
75.186
75.1629
75.1342
75.0851
75.1477
75.2941
75.4889
75.5028
75.567
75.7324
75.9431
75.9877
75.9455
75.9614
76.1067
76.1768
76.304
76.2926
76.4086
76.6177
76.7691
76.8629
76.8906
76.7522
76.7576
76.8427
77.0657
77.236
77.261
77.3051
77.4454
77.5322
77.5414
77.482
77.4707
75.8172
75.9928
76.0252
75.9615
75.8935
76.0221
76.1593
76.2493
76.1785
76.0435
76.0292
76.0605
76.0002
75.8692
75.7843
75.9182
76.0684
76.0453
75.8534
75.8021
75.8522
75.7806
75.6325
75.5385
75.4228
75.474
75.4532
75.198
75.1443
75.0346
74.9711
74.9696
74.9998
75.0061
74.9662
74.8985
74.9513
74.8882
74.84
74.7362
74.7346
74.707
74.6626
74.5418
74.5308
74.5145
74.4602
74.3891
74.4955
74.5785
74.5611
74.4844
74.4256
74.4979
74.4628
74.3005
74.2713
74.3025
74.2906
74.3405
76.0136
75.8174
75.8699
76.0192
75.97
75.8969
75.9214
76.0732
76.2294
76.3354
76.4124
76.449
76.5158
76.5057
76.5039
76.5086
76.4668
76.4243
76.4566
76.3849
76.3458
76.4204
76.4247
76.4123
76.4567
76.4165
76.4823
76.6678
76.7169
76.8104
76.8886
76.7723
76.5746
76.5588
76.5933
76.5689
76.6409
76.6425
76.5795
76.4747
76.4661
76.337
76.2956
76.2152
76.014
76.0228
76.1382
76.0174
75.9106
75.7915
75.8522
75.7546
75.7263
75.6089
75.5628
75.684
75.6831
75.5713
75.5174
75.571
75.727
75.8605
75.7743
75.6513
75.6722
75.7686
75.7759
75.6301
75.4894
75.4047
75.3788
75.2133
75.0861
75.0221
74.9389
74.8514
74.9337
75.0295
75.0476
75.1249
75.2194
75.1685
75.2665
75.3557
75.3675
75.433
75.2714
75.1923
75.1628
75.1174
72.8382
72.8436
73.0551
73.1367
73.0315
72.9778
72.7973
72.8443
72.8839
72.8419
72.7701
72.8536
72.8961
72.9855
73.0781
73.0514
72.9991
73.1413
73.1109
73.1219
73.058
73.0885
73.084
73.0231
72.9686
72.8235
72.7814
72.8615
72.9695
72.9931
72.8172
72.781
72.9388
72.9685
72.9968
72.8257
72.6896
72.7197
72.8081
72.7801
72.6715
72.7092
72.8981
72.9879
73.063
73.0683
73.0449
73.145
73.216
73.2316
73.1989
73.3688
73.4133
73.4628
73.5916
73.6784
73.8139
73.9667
74.1655
74.2906
76.6449
76.7244
76.6549
76.4419
76.4189
76.3403
76.3296
76.1882
76.2333
76.2402
76.1805
76.0723
75.9634
75.9695
76.1017
76.1543
76.105
76.0485
76.2058
76.2325
76.1758
76.178
76.1738
76.3267
76.4667
76.5722
76.6295
76.7465
76.7606
76.6954
76.7434
76.7649
76.7514
76.7456
76.719
76.8647
77.0188
77.0307
77.0332
77.1648
77.3044
77.3738
77.184
77.1222
77.0996
77.1691
77.1261
76.9965
76.9587
76.9521
76.945
76.8092
76.6908
76.5293
76.4288
76.2975
76.1402
75.9992
75.7187
75.5574
75.5223
75.53
75.4122
75.445
75.4419
75.4865
75.6725
75.7875
75.7662
75.8504
75.9763
76.0583
76.1306
76.0312
75.9441
75.8079
75.8598
75.8
75.6313
75.4635
75.4166
75.4042
75.4879
75.355
75.2868
75.3032
75.3792
75.2352
75.0884
75.0308
74.9243
74.9309
74.94
74.9966
75.05
75.0284
75.041
74.9631
74.8872
74.8381
74.7762
74.8172
74.8662
74.8755
74.8672
74.7382
74.6507
74.6905
74.6437
74.561
74.4421
74.5186
74.5556
74.6189
74.5978
74.5773
74.7746
74.7891
74.832
74.8368
74.7513
74.6104
74.788
74.779
74.8618
74.8761
74.7622
74.7274
74.6561
74.7101
74.7544
74.9175
75.0239
75.139
75.1832
75.3405
75.1291
75.0749
75.0965
75.2256
75.3827
75.4961
75.4076
75.449
75.5267
75.5081
75.4097
75.3511
75.3262
75.3496
75.4336
75.3879
75.2921
75.3053
75.3258
75.4232
75.3529
75.4091
75.4785
75.5394
75.6716
75.5841
75.6053
75.5751
75.7088
75.6047
75.5896
75.4422
75.4076
75.4699
75.527
75.3909
75.2667
75.1781
75.1138
75.0867
74.9841
74.9457
74.9027
74.9062
74.9064
74.9423
74.9077
74.9687
75.0004
74.9895
75.0245
74.9976
74.9692
74.8661
74.7672
74.5705
74.5281
74.3574
74.2154
74.1175
74.2591
74.4052
74.5138
74.4594
74.3297
74.1861
74.2411
74.2562
74.1462
74.1213
74.1686
74.2534
74.4478
74.4461
74.3968
74.3574
74.3485
74.3295
74.2817
74.1426
74.0493
73.9889
74.0431
73.991
73.8128
73.7805
73.7123
73.8096
73.6762
73.7093
73.6628
73.685
73.7253
73.7512
73.7564
73.8534
74.0222
74.1216
74.3386
74.3846
74.3757
74.457
74.617
74.6402
74.6926
74.7412
74.7231
74.7782
74.663
74.6465
74.6414
74.6665
74.69
74.6657
74.6047
74.6312
74.5682
74.7581
74.9299
74.9638
74.938
74.9222
74.9299
74.9388
74.9989
75.0367
75.0105
75.0301
75.0145
74.9514
74.864
74.8696
74.8635
74.8945
74.8932
74.886
74.802
74.805
74.8145
74.7206
74.701
74.6562
74.5472
74.6315
74.5761
74.5112
74.5914
74.5888
74.7281
74.7053
74.6685
74.6877
74.7145
74.6947
74.7595
74.6985
74.6787
74.6598
74.5467
74.5518
74.4268
74.3558
74.243
74.2724
74.3693
74.2152
74.0785
73.9965
74.1358
74.2966
74.2907
74.2657
74.362
74.5036
74.702
74.7732
74.8062
74.774
74.8191
74.8634
74.9391
74.9851
75.0416
75.1098
75.1568
75.2444
75.3291
75.3474
75.4552
75.5722
75.7506
75.7778
75.7253
75.7871
76.0089
76.1662
76.3061
76.3177
76.4568
76.5866
76.705
76.863
77.046
77.1171
77.2811
77.413
77.5422
77.5599
77.5031
77.6946
78.0035
78.1763
78.0985
78.1554
78.2154
78.3026
78.3278
78.3757
78.4624
78.5442
78.7116
78.8842
79.0889
79.1452
79.0897
79.2771
79.5257
79.634
79.5886
79.4858
79.6163
79.7458
79.7274
79.6856
79.7008
79.8129
79.8547
79.8654
79.753
79.7769
79.7383
79.6542
79.5841
79.6817
79.6938
79.649
79.5796
79.6676
79.6751
79.6817
79.6143
79.7774
79.8907
80.0275
80.0847
80.1388
80.2438
80.4286
80.4391
80.6018
80.7785
80.9303
80.9262
80.9306
81.108
81.1999
81.1956
81.3818
81.4569
81.532
81.5648
81.6334
81.8435
81.9002
81.9476
82.0506
82.1133
82.2592
82.3202
82.3213
82.4882
82.5886
82.6028
82.704
82.9096
83.0028
83.0149
83.1731
83.3434
83.4862
83.5534
83.6693
83.7819
83.909
83.9812
83.9449
84.0889
84.2495
84.4609
84.5676
84.8085
85.0513
85.1313
85.17
85.3638
85.5064
85.6153
85.7384
85.8745
85.9752
86.1879
86.0911
86.0629
86.0935
86.1029
86.0495
85.9989
85.9365
85.8434
85.8234
85.8685
85.8413
85.8615
85.8831
85.8425
85.8575
85.9036
85.857
85.8883
85.8853
85.8603
85.899
85.7873
85.7889
85.7921
85.7711
85.7805
85.7892
85.6433
85.6363
85.5987
85.4586
85.5174
85.5485
85.5368
85.6343
85.6343
85.6285
85.65
85.6699
85.6396
85.669
85.6869
85.7502
85.77
85.864
85.8778
85.9202
85.8589
85.8126
85.7883
85.7708
85.7558
85.771
85.7101
85.6959
85.6028
85.5748
85.6159
85.6681
85.6723
85.7018
85.788
85.7777
85.7725
85.8091
85.7421
85.7698
85.7307
85.6464
85.5031
85.4989
85.4488
85.435
85.4386
85.2612
85.0057
84.7797
84.7017
84.7551
84.6333
84.3969
84.454
84.505
84.3361
84.1839
84.1042
83.9783
83.9981
84.0073
84.002
84.1028
83.9942
83.9388
83.8338
83.5928
83.4238
83.2654
83.1938
82.9264
82.6467
82.2579
82.0724
81.9544
81.8481
81.6305
81.3334
81.0028
80.8905
80.8281
80.5898
80.3341
80.1675
80.0796
79.7964
79.5132
79.3064
78.9568
76.7201
76.4882
76.2368
76.1822
76.0464
75.9221
75.729
75.5477
75.5195
75.4045
75.4054
75.3742
75.3465
75.2099
75.0759
74.899
74.8227
74.8713
74.8955
74.833
74.7232
74.576
74.469
74.3735
74.2063
73.935
73.8598
73.8338
73.7814
73.6789
73.5588
73.3976
73.2911
73.234
73.1326
73.0273
72.9414
73.0005
73.0542
73.0233
72.9485
73.0705
73.2572
73.4016
73.4417
73.3876
73.4055
73.4151
73.4847
73.5427
73.5806
73.5291
73.5028
73.4413
73.4353
73.3349
73.4537
73.5531
73.6826
73.8251
75.8405
75.9461
76.0136
75.9807
76.0705
76.1146
76.1678
76.1878
76.2365
76.2986
76.2564
76.1975
76.0848
75.751
75.8048
75.8035
75.6023
75.5414
75.5107
75.5903
75.6429
75.5096
75.4425
75.4169
75.4799
75.7059
75.8177
75.8623
75.86
75.9916
76.1915
76.265
76.1717
76.1261
76.2019
76.1308
75.9932
75.8711
75.5862
75.6078
75.6381
75.5051
75.3625
75.3393
75.0776
75.1245
75.0329
74.9468
74.8179
74.8128
74.7486
74.8103
74.7685
74.725
74.7259
74.7907
74.8493
74.9269
74.8959
74.8524
74.7241
74.7983
74.7107
74.5209
74.2701
74.2048
74.2365
74.2728
74.2057
74.1019
74.1115
74.2221
74.3092
74.6197
74.5848
74.678
74.7186
74.6835
74.7116
74.7261
74.7371
74.7207
74.7383
74.7672
74.7226
74.592
74.6409
74.6644
74.6508
74.5697
74.496
74.5811
74.6782
74.6635
74.6624
74.8557
74.9326
74.8292
75.0983
75.1108
75.1041
75.1795
75.1198
75.099
75.4089
75.3294
75.2024
75.2456
75.3709
75.4708
75.4449
75.2689
75.2422
75.2556
75.1836
75.1067
75.0686
74.966
74.8972
74.9156
74.9588
74.8979
74.9024
75.0202
75.0465
74.9587
74.9051
74.8273
74.6874
74.5953
74.4783
74.3193
74.2296
74.2116
74.13
73.9772
74.0174
74.0918
74.2261
74.1819
74.1783
74.3161
74.4386
74.5555
74.5637
74.4943
74.3321
74.3491
74.5075
74.5121
74.4422
74.3274
74.3891
74.2558
74.0995
73.9166
73.9783
74.1603
74.1687
74.0416
73.8971
73.8669
73.9758
74.0812
74.0213
74.0035
74.0139
74.0379
74.0969
74.0566
74.0621
74.0286
74.1097
74.2674
74.3165
74.3336
74.1889
74.2436
74.4305
74.5461
74.4922
74.367
74.4015
74.5509
74.7021
74.8388
74.903
75.1046
75.2907
75.4078
75.5898
75.8005
75.8872
75.8449
75.6244
75.6382
75.7429
75.5475
75.4277
75.4936
75.5173
75.6612
75.6983
75.6801
75.7505
75.8853
75.852
75.6535
75.4544
75.3962
75.3338
75.3478
75.3169
75.4563
75.5904
75.7471
75.7905
75.7151
75.5313
75.5322
75.5451
75.6007
75.565
75.3598
75.3226
75.2751
75.3173
75.3696
75.2986
75.2481
75.2635
75.4492
75.6113
75.5017
75.5213
75.54
75.7344
75.7089
75.5543
75.3743
75.3625
75.4375
75.4432
75.3417
75.2763
75.134
75.0617
74.9404
74.8415
74.8368
74.7799
74.6736
74.6333
74.6827
74.9436
74.9513
74.8922
75.065
74.9632
74.915
74.8468
74.7067
74.6809
74.5844
74.4968
74.35
74.4011
74.5377
74.6067
74.5539
74.4754
74.3882
74.326
74.383
74.2253
74.0282
73.8504
73.8433
73.874
74.0095
74.1028
73.9519
73.8505
73.9001
73.9037
74.0701
74.1545
74.1565
74.1581
74.1858
74.2237
74.1032
73.9762
74.0742
74.1301
74.1218
73.9252
73.849
73.8736
73.9228
73.9913
73.9005
73.7945
73.6857
73.6193
73.6507
73.6726
73.5102
73.4832
73.3392
73.2561
73.2751
73.3923
73.3769
73.3977
73.4786
73.5548
73.6358
73.7064
73.6719
73.6576
73.6894
73.5775
73.5618
73.5923
73.6849
73.6525
73.6088
73.6192
73.689
73.7529
73.7845
73.8201
73.6306
73.7014
73.7292
73.7619
73.8332
73.9679
73.8429
73.7526
73.8391
73.9335
74.1118
74.1897
74.1455
74.1457
74.2518
74.3266
74.3093
74.2741
74.3666
74.4384
74.2991
74.158
74.062
74.1749
74.4013
74.4528
74.4733
74.4863
74.6795
74.7704
74.8367
74.8317
74.8221
74.8082
74.9862
74.9266
74.9771
75.0667
75.0642
75.0332
75.0196
74.9591
74.8489
74.725
74.7341
74.6859
74.5905
74.5509
74.4443
74.4022
74.5286
74.5247
74.4685
74.388
74.4018
74.3553
72.4567
72.6111
72.6999
72.5842
72.6473
72.7347
72.8733
72.9329
72.8398
72.7673
72.8525
72.9542
72.8921
72.7632
72.59
72.5143
72.3934
72.3912
72.2488
72.1056
72.001
71.9077
71.878
71.8277
71.853
71.877
71.896
71.8449
71.6305
71.6244
71.5345
71.3945
71.1088
71.0751
71.0283
71.1571
71.2371
71.1644
71.1404
71.2323
71.3364
71.3288
71.1985
71.0851
71.0619
71.2005
71.3117
71.3547
71.302
71.3601
71.5182
71.5572
71.6548
71.7478
71.6492
71.735
71.7594
71.9058
71.8911
71.8555
73.7882
73.6913
73.5463
73.5348
73.5023
73.3895
73.3607
73.4069
73.4421
73.4606
73.4191
73.4379
73.4439
73.5524
73.5406
73.5389
73.6728
73.7351
73.7865
73.9072
74.0423
74.218
74.2386
74.249
74.3829
74.5626
74.6141
74.6698
74.796
74.8363
74.9761
74.9744
75.1551
75.1838
75.2042
75.2066
75.106
75.0508
75.0116
74.9859
74.8877
74.9805
75.0249
74.9819
74.952
74.8082
74.8136
74.6239
74.446
74.4569
74.4663
74.5842
74.6725
74.7426
74.8413
74.8935
75.0602
75.0396
75.0984
75.2184
75.2169
75.1813
75.2688
75.3714
75.4746
75.6101
75.4274
75.2871
75.2773
75.1223
75.1506
75.1149
75.0805
74.9983
74.9987
75.0292
74.9796
74.8471
74.7166
74.582
74.4665
74.3402
74.254
74.2471
74.1322
73.9185
73.8938
71.7235
71.7159
71.6269
71.6357
71.7878
71.7578
71.8041
71.8479
71.829
71.9376
72.0365
72.0822
72.1486
72.2946
72.2204
72.2466
72.344
72.5269
72.7125
72.7003
72.894
73.1119
73.1529
73.0089
72.8993
72.7907
72.7779
72.8103
72.7555
72.6923
72.7564
72.8384
72.7445
72.6505
72.7107
72.8192
72.9112
72.884
72.7373
72.8
72.9084
72.8428
72.8915
72.779
72.4839
72.5127
72.6385
72.8172
72.8294
72.856
72.854
72.9832
73.0653
73.0571
73.0066
73.0198
72.9233
72.9907
73.1634
73.0543
75.1746
75.0798
75.1282
75.1765
75.1314
75.1025
75.0332
75.0726
75.1401
75.0726
75.0692
75.0024
74.9817
74.9491
74.7638
74.7366
74.7056
74.6076
74.4885
74.4145
74.2211
74.0404
73.9294
73.9765
73.984
74.0979
74.0742
73.9744
73.9396
73.9573
73.8874
73.6813
73.6825
73.732
73.8034
73.7401
73.5798
73.4823
73.5011
73.5639
73.5673
73.6063
73.5802
73.6213
73.8848
73.8651
73.8775
73.7222
73.5767
73.4491
73.4129
73.3405
73.4299
73.4235
73.3665
73.3226
73.349
73.3975
73.4489
73.6141
73.7561
73.8805
73.9968
73.9274
73.9015
73.9839
74.0809
74.0458
73.8687
73.7997
73.7075
73.7109
73.8436
73.7758
73.8506
73.8222
73.8015
73.7806
73.7422
73.675
73.7416
73.7253
73.7419
73.8165
73.8156
73.5953
73.4666
73.4001
70.9744
70.9683
70.9376
70.9359
70.9984
71.1159
71.0803
70.9317
70.8667
70.9471
71.0341
71.0424
70.8269
70.7905
70.7773
70.7353
70.7463
70.8297
70.723
70.6873
70.6318
70.6074
70.5759
70.5693
70.5438
70.5505
70.6544
70.7371
70.775
70.5579
70.473
70.3202
70.2372
70.1269
69.9726
69.9419
69.9929
69.9644
69.8525
69.8326
69.8857
70.0428
70.1308
70.146
69.9943
69.9216
69.8813
69.8006
69.5376
69.3804
69.2842
69.3124
69.1922
69.1598
69.0202
68.9211
68.8965
68.93
68.7593
68.7076
70.8849
70.7309
70.69
70.702
70.4022
70.1997
70.1855
70.2595
70.3289
70.294
70.2288
70.2837
70.4995
70.5201
70.5844
70.6411
70.665
70.7405
70.8089
70.8705
70.8971
70.8965
71.0103
71.0295
70.8857
70.8298
70.7678
70.6005
70.3264
70.4397
70.3631
70.4933
70.651
70.7937
70.9418
71.0808
71.0831
71.2054
71.3978
71.5331
71.5776
71.584
71.7246
71.7924
71.9011
72.0835
72.3502
72.6232
73.025
73.2749
73.5477
73.7085
74.039
74.3574
74.6682
74.8673
75.0664
75.3014
75.7181
76.0164
76.3073
76.4853
76.625
76.8125
77.2729
77.4812
77.5765
77.771
78.0218
78.1948
78.3807
78.499
78.6348
78.8966
79.069
79.2924
79.4127
79.4643
79.5721
79.7189
79.9447
80.1457
80.1075
80.2354
80.3374
80.5389
80.7873
81.1354
81.4336
81.4837
81.5353
81.7047
81.5317
81.3954
81.175
80.8736
80.7822
80.7878
80.6539
80.4773
80.349
80.2791
80.2372
80.226
80.0892
79.9421
79.8597
79.6653
79.5103
79.3964
79.2099
79.1913
78.9572
78.6569
78.4461
78.2181
77.9546
77.8128
77.7186
77.4642
77.2021
77.123
77.0085
76.9561
76.8004
76.6443
76.4363
76.2458
76.1095
76.0057
75.7904
75.5503
75.3579
75.187
75.2073
75.0649
74.8299
74.6541
74.4499
74.4511
74.4825
74.4312
74.4121
74.2705
74.3188
74.2337
74.0627
73.9766
74.0381
74.1514
74.3001
74.2144
74.2671
74.382
74.4394
74.4562
74.406
74.1425
74.0797
74.1602
74.3206
74.2911
74.129
74.0786
74.1728
74.0937
73.8863
73.875
73.8747
73.8814
73.9839
73.9362
74.062
74.1854
74.3524
74.4402
74.506
74.4757
74.5192
74.6584
74.6713
74.6147
74.6162
74.6086
74.7076
74.7044
74.7273
74.7257
74.5521
74.4947
74.6388
74.741
74.7936
74.7872
74.6948
74.7877
74.8921
74.9058
74.9334
74.8235
74.7913
74.7285
74.6294
74.6056
74.5933
74.777
74.8156
74.7718
74.7042
74.5397
74.4604
74.5634
74.5549
74.4611
74.4583
74.5748
74.5583
74.6392
74.6348
74.5617
74.5403
74.521
74.6214
74.68
74.7104
74.9403
75.1274
75.2489
75.3917
75.548
75.475
75.5147
75.564
75.6594
75.5996
75.6048
75.6069
75.6796
75.6045
73.4235
73.4215
73.3954
73.376
73.2798
73.2328
73.3645
73.3647
73.4343
73.5961
73.7081
73.6624
73.5653
73.4857
73.4823
73.5183
73.4857
73.4457
73.3617
73.35
73.291
73.3074
73.3492
73.3875
73.3905
73.3531
73.2466
73.3608
73.4138
73.4756
73.4913
73.4647
73.356
73.227
73.1569
73.1339
73.0416
73.1692
73.1416
73.1554
73.1432
73.0302
73.0431
73.0684
73.0457
72.9455
72.8052
72.7121
72.7262
72.6267
72.4436
72.3746
72.3481
72.2885
72.0484
71.9503
71.864
71.8678
71.8727
71.8831
73.853
73.844
73.8647
73.8583
73.9243
73.8688
73.6826
73.6382
73.5421
73.4886
73.5301
73.5191
73.5513
73.6575
73.7313
73.777
73.7039
73.6929
73.7673
73.8024
73.8798
73.8375
73.8574
73.9044
73.9108
74.0047
73.9461
73.7551
73.6538
73.5799
73.6242
73.6992
73.6475
73.6435
73.6224
73.5801
73.6487
73.6986
73.8228
73.8242
73.8039
73.856
73.8522
73.6957
73.6243
73.5769
73.5456
73.6045
73.5404
73.4589
73.3494
73.3488
73.2659
73.2538
73.4164
73.3981
73.4202
73.412
73.3453
73.385
73.4012
73.3615
73.375
73.4811
73.5335
73.5874
73.6079
73.6168
73.5738
73.5735
73.5496
73.4983
73.4585
73.4034
73.3586
73.2925
73.2242
73.2282
73.3262
73.4453
73.5351
73.5272
73.5689
73.6348
73.7721
73.8324
73.9118
72.1429
72.2511
72.4033
72.4952
72.3428
72.2948
72.369
72.4859
72.6418
72.5547
72.3613
72.3167
72.3337
72.4135
72.3595
72.2578
72.2938
72.2935
72.3496
72.4952
72.4653
72.4007
72.3985
72.5261
72.4993
72.4822
72.4392
72.3889
72.4368
72.473
72.5384
72.4339
72.3442
72.318
72.3504
72.3455
72.3731
72.2561
72.1961
72.2542
72.3485
72.4916
72.5193
72.3507
72.3808
72.4436
72.571
72.622
72.5504
72.6243
72.7049
72.7236
72.5855
72.5074
72.5423
72.4971
72.5134
72.4259
72.3063
72.2942
74.1888
74.2457
74.2201
74.1021
74.1476
74.2499
74.2825
74.1389
74.0458
74.1862
74.4094
74.5056
74.5098
74.4651
74.5456
74.6363
74.6614
74.6973
74.7
74.5966
74.6042
74.5411
74.5502
74.4544
74.4411
74.4309
74.484
74.498
74.4831
74.4244
74.3091
74.3512
74.5059
74.6479
74.6988
74.7461
74.698
74.8096
74.8208
74.869
74.9065
74.9866
75.0371
75.1643
75.2145
75.2923
75.3115
75.2934
75.3526
75.4048
75.4844
75.4251
75.4727
75.456
75.509
75.6017
75.564
75.6045
75.6435
75.7297
75.7399
75.6581
75.6185
75.756
75.7475
75.6964
75.7033
75.8526
75.9191
75.8736
75.7515
75.7032
75.8162
75.9021
75.8919
75.9332
75.8936
75.9614
75.9324
75.9134
75.8952
76.0627
76.2657
76.4152
76.527
76.6075
76.6632
76.7078
76.7739
74.907
75.0092
75.1044
75.1294
75.1216
75.1686
75.2091
75.3032
75.2921
75.3212
75.3249
75.2941
75.2839
75.1848
75.1618
75.1361
75.165
75.1035
75.0819
75.0597
75.043
75.0355
75.0042
75.1422
75.1233
75.1227
75.0509
75.009
74.9657
75.0572
75.1371
75.2246
75.3421
75.5072
75.5251
75.6936
75.8573
76.0408
76.1336
76.1795
76.3469
76.4921
76.6181
76.7197
76.8223
76.9644
77.0458
77.2996
77.3768
77.4929
77.4605
77.6503
77.7204
77.7426
77.9195
77.9967
78.1503
78.2056
78.3606
78.4928
80.8595
81.0748
81.1808
81.246
81.4578
81.5853
81.7367
81.8414
81.9006
82.0604
82.2446
82.4824
82.5621
82.8
83.0367
83.1466
83.1857
83.3497
83.5414
83.5962
83.5648
83.5437
83.6052
83.5575
83.7381
83.7468
83.79
83.7982
83.7516
83.5763
83.4334
83.382
83.1926
82.8773
82.6294
82.5082
82.2906
81.9777
81.7019
81.5382
81.4067
81.318
81.0513
80.7413
80.501
80.2935
80.222
80.0251
79.9001
79.7935
79.9306
79.7643
79.5438
79.2688
78.9785
78.8375
78.7529
78.6609
78.3685
78.1948
78.0461
77.9722
77.9548
77.7841
77.5085
77.4338
77.2374
76.956
76.7592
76.5559
76.3245
76.1445
76.0096
75.8328
75.5916
75.418
75.2731
75.164
74.8968
74.7993
74.7462
74.6792
74.7615
74.7034
74.5844
74.5406
74.6044
74.5286
74.4911
74.4259
74.2718
74.1981
74.2699
74.4159
74.504
71.9436
71.8823
71.8722
71.9151
71.9239
71.9268
71.9722
72.0257
72.0061
71.9583
72.0376
72.1273
72.1742
72.2004
72.2459
72.2754
72.285
72.3591
72.4054
72.5525
72.5224
72.3444
72.2268
72.2252
72.2587
72.3628
72.2519
72.0678
71.9707
71.9053
71.8389
71.9505
71.9577
71.9584
71.9983
72.0905
72.131
72.0775
72.021
72.0916
72.2132
72.3312
72.2316
72.2499
72.2351
72.2256
72.2368
72.1257
72.0778
72.0885
72.0214
71.9776
72.1201
72.1836
72.2428
72.3797
72.4685
72.3822
72.1897
72.1613
74.7411
74.9652
75.0466
75.0289
75.0086
74.878
74.8107
74.8314
74.871
74.942
74.9162
74.8724
74.8277
74.6703
74.5463
74.3374
74.3478
74.4424
74.5374
74.4783
74.5909
74.8313
74.9733
75.0418
75.0335
74.9161
74.9344
74.8971
74.8797
74.9481
74.9089
74.891
74.8701
74.8497
74.813
74.7721
74.6621
74.7753
74.8615
74.7587
74.6309
74.431
74.5146
74.6361
74.6723
74.7144
74.6574
74.7058
74.7271
74.6065
74.5881
74.5405
74.4963
74.6578
74.6224
74.5037
74.3154
74.2514
74.4536
74.5098
74.4301
74.2841
74.2552
74.4019
74.3217
74.3062
74.302
74.3419
74.4679
74.4452
74.4347
74.2927
74.2471
74.4574
74.6355
74.7092
74.5881
74.5534
74.658
74.7161
74.7176
74.6261
74.6052
74.5511
74.4902
74.4446
74.4657
74.6771
72.3429
72.4157
72.5989
72.5725
72.6632
72.84
72.988
72.97
73.053
72.9295
72.957
73.1063
73.2303
73.3458
73.3653
73.461
73.5687
73.6152
73.6518
73.7519
73.8301
73.8798
73.9751
74.078
74.1392
74.0697
74.1857
74.3727
74.5003
74.6011
74.5667
74.6556
74.6701
74.613
74.5798
74.5532
74.7497
74.7254
74.6487
74.6353
74.5402
74.6276
74.5944
74.5627
74.5069
74.3778
74.2845
74.3869
74.5095
74.5032
74.3943
74.4683
74.4709
74.4364
74.3014
74.4393
74.6261
74.6928
74.6616
74.6389
77.4142
77.4047
77.3006
77.1312
