60
60.3044
75.3504
86.3521
94.6228
101.647
106.709
111.514
115.457
118.596
121.683
124.158
126.148
127.784
129.328
131.074
132.241
133.036
133.267
133.919
134.708
135.675
136.451
137.54
138.56
138.73
139.568
140.283
141.067
141.866
142.416
143.087
143.617
143.985
144.516
144.959
145.416
145.903
146.107
146.48
146.759
146.949
147.263
147.647
147.944
148.194
148.42
148.75
149.061
149.157
149.254
149.432
149.218
149.422
149.588
149.84
150.08
150.175
150.386
150.575
154.595
158.882
158.994
159.146
159.283
158.957
159.076
158.865
158.883
158.947
158.743
158.784
158.842
158.545
158.634
158.517
158.637
158.814
159.099
159.306
159.312
159.266
159.288
158.989
158.755
159.106
158.874
158.91
158.759
158.761
158.854
158.735
158.783
158.955
158.819
158.859
158.752
158.761
158.965
158.836
158.965
159.13
159.012
158.884
158.855
158.795
158.876
158.78
158.775
159.005
159.027
159.095
159.585
159.54
159.671
159.502
159.475
159.635
159.529
159.565
159.591
159.04
159.153
159.053
159.115
159.446
159.467
159.762
159.803
159.708
159.799
159.558
159.443
159.851
159.792
159.81
159.706
159.668
159.796
159.687
159.849
159.878
159.577
159.71
159.677
159.562
159.632
158.869
158.889
158.629
158.484
158.498
158.304
158.208
158.227
158.173
158.234
158.016
157.833
157.939
157.348
157.334
157.322
157.365
157.438
157.255
157.222
157.036
156.928
156.745
156.667
156.426
156.352
156.191
156.084
155.97
155.889
155.745
155.165
154.673
154.525
154.754
154.653
154.672
154.675
154.417
154.409
154.272
153.587
153.274
153.205
153.328
153.521
153.326
153.287
153.234
153.11
153.212
153.04
153.133
153.014
153.076
153.225
153.095
153.258
153.25
153.29
153.991
154.029
154.241
154.361
154.223
154.428
154.507
154.387
154.416
154.366
154.466
154.59
154.555
155.096
155.074
155.15
154.974
154.835
155.004
154.962
154.973
154.931
154.894
154.867
154.907
154.694
154.738
154.684
154.871
154.785
154.745
155.229
155.68
155.809
156.076
156.04
155.976
155.812
155.76
155.813
155.768
156.323
156.688
156.631
156.791
156.774
156.608
156.688
156.588
156.619
156.57
156.545
156.557
156.562
156.547
156.843
157.015
157.122
157.314
156.993
157.064
157.02
156.985
156.899
157.02
156.929
156.925
157.116
157.167
157.355
157.379
157.435
157.453
157.557
157.674
157.645
157.848
157.952
157.752
157.888
158.108
158.315
158.539
158.699
158.959
159.129
159.208
159.25
159.281
159.484
159.635
159.722
159.666
159.696
159.487
159.737
159.925
160.139
160.65
160.675
160.71
160.851
160.839
161.206
161.214
161.106
161.69
161.821
161.934
162.184
162.205
162.616
162.751
162.851
162.928
162.871
162.456
161.986
161.587
162.045
161.908
161.766
161.737
161.758
161.785
161.782
161.655
161.764
161.792
161.621
161.649
161.616
161.557
161.29
161.097
161.13
161.246
160.943
161.374
161.387
161.539
161.595
161.475
161.662
161.831
161.972
162.264
162.465
162.431
162.367
162.482
162.506
162.695
162.65
162.761
162.633
162.52
162.352
161.991
161.686
161.815
161.756
161.899
161.795
161.693
161.854
161.636
161.539
161.583
161.63
161.727
161.563
160.88
160.854
160.894
160.472
160.99
161.307
161.736
161.509
161.523
161.748
161.763
161.322
161.204
161.199
161.325
161.241
160.915
160.945
160.96
160.825
160.957
160.91
160.941
161.05
160.717
160.932
160.715
160.509
160.081
159.727
159.666
159.568
159.175
159.214
159.027
158.821
158.946
158.816
158.778
158.907
158.506
158.578
158.468
158.493
158.534
158.468
158.495
158.798
158.778
158.743
158.699
158.726
158.701
158.573
158.578
158.316
158.443
158.489
158.382
158.239
158.902
158.904
158.753
158.909
158.824
158.914
158.768
158.852
158.817
158.537
158.218
158.495
158.212
157.821
157.324
157.362
156.409
156.498
156.526
156.395
156.465
156.564
156.596
156.574
156.735
156.874
157.053
157.195
157.49
157.601
157.732
157.808
157.966
158.037
157.967
157.869
157.839
158.065
158.047
158.054
158.238
158.369
158.653
158.467
158.521
158.694
158.838
158.815
158.822
158.922
158.999
158.977
159.096
159.178
159.283
159.67
159.671
159.589
159.715
160.091
159.773
160.043
160.187
160.448
160.459
160.201
159.953
160.256
160.358
160.737
160.811
161.075
161.79
162.119
162.657
162.679
163.884
164.015
164.189
164.471
164.645
165.07
164.805
164.901
165.213
165.368
165.399
165.495
165.599
165.637
165.617
165.77
165.887
165.689
165.851
166.305
166.268
166.361
166.514
166.203
166.549
166.547
166.462
166.704
166.63
166.758
166.835
166.947
167.208
167.36
167.346
167.477
167.366
167.288
167.296
167.233
167.25
167.429
166.442
165.935
166.078
165.841
165.922
165.975
166.158
166.552
166.843
166.737
166.766
166.664
167.093
167.038
166.635
166.886
166.753
166.648
166.633
166.26
166.199
166.365
165.638
165.303
165.585
165.554
165.218
164.896
164.696
164.66
164.202
164.41
164.458
164.357
164.341
164.454
164.523
164.384
164.277
163.97
163.811
163.659
163.421
163.261
163.222
163.145
163.117
163.027
163.015
162.702
162.307
162.072
161.911
161.756
161.463
161.396
161.328
161.216
161.263
160.722
161.643
161.986
162.009
162.095
161.828
161.812
161.717
161.584
161.686
161.598
161.311
161.388
161.274
161.057
161.209
161.04
160.989
160.629
160.419
160.592
160.228
159.99
160.137
159.952
159.925
159.925
159.859
159.896
159.907
159.859
160.156
159.829
159.659
159.535
158.849
158.588
158.266
158.086
158.059
157.951
157.81
157.777
157.631
157.636
157.339
157.175
156.88
156.536
156.468
156.521
156.506
155.963
155.922
155.865
155.963
156.108
155.951
156.059
155.99
156.152
156.104
156.099
156.121
155.906
155.956
156.012
155.82
155.669
155.703
155.737
155.583
155.329
155.064
155.172
155.249
155.21
155.162
155.542
155.863
155.771
155.975
156.053
156.407
156.531
156.585
156.603
156.605
156.792
156.876
156.981
156.9
157.075
157.137
157.202
157.568
157.716
158.03
158.054
158.174
158.407
158.535
158.843
158.823
158.933
159.233
159.071
159.439
159.66
159.702
159.747
159.793
160.402
160.468
160.305
160.467
160.149
160.36
160.334
159.794
159.969
159.709
159.633
159.512
159.167
158.599
158.223
158.247
158.406
157.985
157.9
157.863
158.042
158.203
158.128
158.062
158.117
158.293
158.197
157.876
157.895
157.899
157.507
157.276
157.286
157.162
157.146
157.259
157.195
157.14
156.777
156.74
156.496
156.42
156.383
155.696
155.534
155.174
155.073
155.131
154.896
154.785
154.652
154.739
154.646
154.431
154.578
154.434
154.375
154.242
154.157
154.02
153.842
153.781
153.991
153.775
154.052
153.994
153.507
153.302
153.004
153.158
153.119
153.238
153.603
153.934
154.199
154.242
153.876
154.028
153.83
154.015
153.984
153.475
153.591
153.346
153.22
153.15
152.986
153.103
153.012
152.992
153.201
153.123
153.125
153.137
152.88
152.813
152.433
152.297
152.439
152.4
152.609
152.428
152.151
152.988
152.651
152.869
152.727
152.57
152.847
152.485
152.656
152.544
152.516
152.654
152.592
152.735
152.756
152.865
152.745
152.598
152.716
152.777
152.692
152.84
152.666
152.689
153.154
153.746
154.25
154.515
154.563
154.625
154.894
155.226
155.364
155.582
156.034
156.512
156.996
157.533
157.797
158.665
158.95
159.473
159.958
160.26
160.929
160.634
159.904
160.13
160.637
161.366
161.895
162.319
163.045
163.681
164.573
165.382
166.057
166.857
167.163
167.968
168.533
168.97
170.143
170.424
171.259
171.921
172.206
173.495
174.377
175.434
176.341
177.248
178.458
179.38
180.472
181.485
182.577
184.144
185.191
186.355
187.559
188.911
190.166
191.395
192.557
193.805
194.439
195.268
196.301
197.545
197.929
199.023
199.806
200.78
202.007
202.861
203.833
204.787
205.541
206.617
207.634
208.64
209.284
210.103
210.974
213.46
216.567
217.985
219.168
220.071
220.778
221.987
222.959
223.938
224.239
225.124
225.983
226.857
227.623
228.888
230.585
231.932
233.078
234.682
235.762
237.094
238.77
239.473
240.348
241.32
242.131
242.8
243.549
244.43
245.146
245.804
246.702
247.427
248.42
249.25
250.077
250.702
251.719
252.42
253.162
253.818
255.052
255.663
256.505
256.713
258.177
259.046
260.235
261.172
261.57
262.367
263.273
263.892
265.185
265.605
266.356
267.065
268.269
269.479
269.743
270.286
271.199
271.745
272.337
272.561
273.477
274.26
274.869
275.428
276.022
276.469
276.978
277.588
279.337
279.664
280.09
280.736
281.419
282.244
282.898
283.55
284.253
285.379
285.957
286.051
286.637
287.786
288.537
288.97
288.8
289.319
290.453
290.975
291.475
291.375
291.864
292.485
292.878
293.325
293.338
294.246
294.706
294.76
295.499
295.957
296.669
296.957
297.282
297.527
297.76
298.041
298.313
298.587
298.831
298.904
299.2
299.5
299.321
299.606
299.696
299.984
300.221
300.466
300.6
300.58
300.8
300.901
300.843
300.709
301.536
301.74
301.919
302.079
302.276
302.115
302.254
302.17
302.126
302.134
301.975
301.909
301.746
301.571
301.407
301.179
301.052
300.902
300.881
300.807
301.223
301.318
301.164
300.745
300.714
300.661
300.457
300.418
300.271
300.289
300.032
299.396
299.377
300.172
300.474
300.054
300.175
300.341
300.462
300.817
301.052
301.096
301.126
301.312
301.28
300.56
300.701
300.82
300.919
300.732
300.978
301.139
301.21
301.219
301.197
301.341
301.471
301.398
301.477
301.784
302.141
302.425
302.644
302.801
302.85
303.574
303.173
303.414
303.494
303.601
304.257
302.632
302.468
302.625
302.8
303.491
303.435
303.441
303.078
303.22
303.704
303.216
303.24
303.523
303.52
304.098
302.727
302.412
302.506
302.403
303.113
303.06
302.604
302.448
302.129
303.082
302.82
302.506
302.424
302.061
302.372
301.84
301.641
301.435
301.419
302.664
302.186
302.113
302.624
302.82
303.393
301.957
301.916
301.893
301.963
302.378
301.922
301.918
302.176
302.274
301.914
301.222
301.17
300.398
300.323
300.083
299.05
298.917
298.744
298.381
298.128
299.448
299.687
299.576
299.374
299.23
299.341
299.264
299.613
299.55
299.632
299.685
299.771
299.839
299.878
299.824
300.933
301.183
301.012
301.072
300.927
300.137
300.568
300.519
300.413
300.601
300.861
299.951
299.939
300.047
299.975
300.435
300.425
300.334
300.364
300.361
300.323
300.221
300.314
300.362
300.385
300.405
300.355
300.136
299.97
300.036
300.278
300.707
300.888
301.103
302.041
302.516
302.703
303.467
303.565
303.842
305.162
305.481
305.209
305.767
306.156
306.774
306.86
307.246
307.726
308.173
308.577
308.827
308.638
308.887
309.028
309.889
310.153
310.497
310.947
311.353
312.051
312.417
312.73
313.032
313.701
315.402
315.729
316.103
316.66
317.06
317.225
318.782
319.122
319.1
319.335
318.524
318.983
319.607
319.677
320.107
320.974
321.422
321.553
321.798
321.617
323.428
323.918
324.51
325.135
325.375
325.626
325.453
325.458
325.425
325.408
325.39
325.533
325.769
325.981
326.069
326.55
326.402
327.246
327.361
327.306
327.208
326.807
326.859
326.916
326.909
326.931
326.624
327.136
326.599
325.427
325.247
324.962
324.094
323.511
322.726
322.195
321.889
322.096
321.943
321.456
321.329
321.025
320.544
320.46
320.195
320.119
319.021
318.784
319.095
319.083
318.828
318.943
317.956
318.148
317.945
317.706
317.701
317.577
317.739
318.169
318.111
317.995
317.792
317.632
317.497
317.122
317.047
316.736
315.561
315.416
315.715
315.559
315.429
314.88
314.834
314.766
314.899
314.804
314.653
313.871
313.464
313.288
313.064
312.758
312.516
311.935
312.125
311.894
312.274
313.237
313.273
313.424
314.105
314.226
314.522
314.47
314.298
314.307
314.514
314.494
314.659
314.733
315.278
315.406
315.458
315.535
316.596
316.829
316.704
316.61
317.589
316.91
317.664
316.465
315.451
313.999
313.778
313.814
313.721
313.6
313.183
313.131
313.219
313.179
313.283
313.355
313.38
313.503
314.435
314.365
313.802
313.255
313.18
313.225
313.172
313.147
312.999
312.995
312.77
313.632
313.814
314.22
314.056
314.105
314.47
315.066
315.422
315.267
315.654
315.056
315.097
315.402
315.175
314.745
315.199
315.72
315.966
314.815
314.874
315.225
315.298
315.55
315.26
315.165
315.322
315.448
315.467
312.907
311.179
311.165
311.444
312.001
311.774
312.977
314.101
315.743
315.884
316.097
314.793
314.843
314.425
314.517
314.542
312.56
311.842
312.218
312.203
312.338
312.308
312.51
313.151
313.707
313.752
313.538
313.664
313.794
313.857
313.338
313.689
313.284
313.447
313.767
313.876
314.005
313.413
313.481
313.455
313.705
313.355
313.692
313.665
313.486
313.743
313.425
313.444
313.506
313.847
314.726
314.669
314.732
314.503
314.639
314.938
315.019
314.978
314.889
314.702
317.468
319.599
319.125
319.312
318.98
319.55
319.769
318.978
319.081
318.97
319.21
320.681
320.891
321.93
322.176
320.943
322.167
323.159
322.23
322.312
322.012
322.212
322.409
322.583
322.644
322.557
323.359
323.361
323.519
323.167
324.052
323.547
324.217
324.32
324.28
324.653
324.503
324.994
324.924
324.753
324.885
324.985
325.005
325.109
320.472
320.719
321.521
321.449
321.256
321.209
321.78
321.819
321.375
321.506
320.996
320.864
320.755
320.637
320.391
320.643
320.648
320.448
321.123
320.524
320.948
320.728
320.035
320.955
320.392
320.574
320.27
320.08
320.036
319.795
319.632
321.118
322.193
322.139
323.083
322.756
323.252
323.311
323.176
322.465
322.337
322.504
322.255
322.266
322.1
322.698
322.071
322.454
322.16
322.166
322.337
321.969
322.403
322.402
322.334
322.469
322.74
321.597
322.047
322.022
326.722
326.34
326.156
326.263
326.503
326.36
326
326.058
325.023
325.258
325.68
325.524
325.703
325.505
326.019
326.043
325.762
325.637
325.597
326.043
325.575
325.394
326.122
326.054
326.341
326.384
326.465
326.58
326.576
326.626
326.678
326.322
326.068
326.201
326.466
326.447
326.371
325.109
324.266
324.765
324.502
324.556
324.804
324.841
324.96
324.614
324.94
325.007
325.252
325.152
325.15
325.126
324.992
325.137
324.922
324.58
323.26
324.228
323.994
323.76
323.603
323.67
323.303
323.07
322.794
322.69
322.609
321.445
321.882
321.828
321.707
322.091
321.384
321.555
321.436
321.41
321.592
321.549
321.642
321.741
321.974
322.029
321.735
321.103
320.918
320.758
320.607
320.414
319.284
319.21
318.899
318.594
318.539
318.219
317.837
318.153
317.795
318.838
319.542
319.528
320.024
319.775
319.485
319.301
318.732
318.91
318.32
318.196
317.946
317.334
317.148
317.22
316.959
316.753
316.526
316.764
317.669
317.009
316.349
316.731
315.589
315.777
316.449
316.619
316.922
316.357
316.486
316.758
317.724
317.641
317.215
317.243
317.812
317.856
317.779
317.709
317.44
317.678
317.019
316.79
315.953
315.798
315.768
315.919
315.708
315.489
315.133
315.454
316.642
316.716
317.026
317.329
317.259
317.266
317.371
317.46
317.588
316.049
316.059
316.194
315.914
316.287
316.285
316.534
317.166
317.19
317.896
317.976
318.108
318.873
319.254
319.441
319.087
318.992
319.713
318.97
319.14
320.073
320.722
320.658
322.09
322.084
322.387
322.457
322.007
322.565
322.639
323.573
323.564
323.461
323.974
324.105
324.398
324.67
324.906
324.898
325.352
325.465
326.322
326.45
327.488
323.654
323.916
324.442
325.108
325.484
325.748
325.478
325.21
325.15
323.511
323.517
323.739
323.664
322.818
322.458
321.309
323.117
323.121
322.782
322.871
322.237
322.579
322.519
322.465
322.647
322.181
322.316
322.376
322.369
322.213
322.25
322.037
322.439
322.114
322.952
322.847
322.423
322.623
322.53
322.536
322.575
322.288
321.947
322.309
322.247
322.285
322.172
321.753
321.811
321.572
321.363
320.336
320.245
320.085
320.264
320.04
319.911
319.784
319.736
319.726
323.779
323.603
323.7
323.799
323.292
323.713
323.931
324.276
324.344
324.639
324.874
325.101
325.51
326.636
326.818
327.719
327.854
327.977
328.379
327.066
327.188
327.108
327.165
326.883
326.212
326.538
326.094
326.174
326.233
326.156
326.02
326.506
326.501
326.717
326.818
326.515
326.85
326.814
326.857
326.863
326.849
327.097
326.14
326.122
326.169
326.174
326.267
326.544
326.646
326.849
326.787
327.518
327.441
327.352
327.48
327.235
326.986
327.335
327.487
327.597
327.675
328.001
328.02
327.907
327.955
327.546
327.521
327.361
327.573
328.441
328.464
328.46
328.551
328.655
329.044
329.249
328.38
328.509
328.557
330.335
330.904
330.74
330.841
331.092
331.785
332.096
332.245
332.159
332.157
332.271
332.664
333.2
332.644
332.731
332.9
333.422
333.656
333.948
334.085
334.054
333.982
333.889
335.315
334.783
335.106
334.924
334.787
334.759
334.605
334.765
335.02
335.167
333.801
334.157
333.876
334.447
334.737
334.669
334.787
334.864
334.423
334.112
333.306
333.491
333.967
333.974
334.034
334.125
334.013
334.523
334.732
334.757
334.246
333.52
333.371
334.002
334.39
334.197
333.992
333.477
333.371
333.556
333.01
332.614
332.574
332.48
332.865
332.525
332.361
332.22
331.198
330.379
330.666
330.101
329.791
329.466
329.156
328.854
327.188
327.202
327.208
327.137
325.95
326.047
325.89
326.082
326.175
326.467
326.513
326.434
326.369
326.328
327.757
327.781
327.465
327.193
327.267
327.069
327.239
327.26
326.778
326.911
327.576
327.179
327.236
327.201
326.94
326.891
326.978
327.078
326.908
326.845
327.156
327.627
327.56
327.315
327.228
327.524
327.757
327.21
327.269
327.351
327.693
328.097
328.258
328.188
328.187
328.324
328.468
328.156
328.869
329.602
329.824
329.019
329.172
329.488
329.735
329.923
331.295
331.358
331.564
331.613
332.69
332.916
332.467
332.434
332.396
332.345
332.538
323.831
318.147
315.871
312.467
312.214
312.4
312.452
312.255
309.932
308.246
307.716
308.297
307.679
307.57
307.664
307.413
307.476
307.41
307.351
307.193
307.029
307.035
305.741
304.676
304.608
303.602
303.533
303.867
303.278
303.311
304.106
304.152
304.149
304.128
303.818
303.788
303.851
301.575
301.81
301.607
301.982
301.896
301.797
301.765
302.545
302.535
302.347
302.302
302.304
302.472
302.208
302.108
302.086
302.071
302.266
302.551
302.496
302.492
302.099
302.103
309.685
314.91
317.376
320.961
321.156
321.402
321.514
321.806
324.319
326.213
326.859
326.999
327.636
327.737
327.914
328.162
328.52
328.929
328.69
329.044
329.248
329.251
330.815
332.201
332.025
333.245
332.986
333.033
333.412
332.879
332.771
332.608
332.593
332.998
333.334
332.805
332.808
335.492
335.623
335.277
334.827
335.045
335.254
335.15
335.488
335.474
335.639
335.894
335.982
336.118
335.334
335.001
335.214
335.4
335.617
336.003
336.032
334.626
335.304
335.197
335.372
335.378
334.875
334.798
334.685
334.668
334.426
334.623
334.311
334.23
334.265
334.41
334.533
334.623
334.604
334.701
334.609
334.517
334.658
334.29
334.447
334.561
334.155
334.021
334.425
333.011
333.245
332.012
331.719
332.043
330.696
330.805
330.946
330.686
330.757
330.93
330.879
330.683
330.582
330.978
331.241
328.545
327.949
326.729
326.639
326.69
326.546
326.337
326.321
326.219
327.232
327.235
326.086
326.215
326.208
326.062
326.309
327.443
326.943
326.678
326.384
326.466
326.599
325.906
325.971
325.947
326.127
325.843
325.767
325.602
325.14
325.106
325.012
323.342
323.027
322.91
323.035
322.985
322.624
322.745
322.665
322.676
322.903
322.856
322.309
323.735
323.803
325.039
325.262
324.879
326.164
326.24
326.048
325.997
325.604
325.618
325.949
326.262
326.44
326.653
326.417
328.875
329.393
330.803
330.729
330.686
330.633
330.673
330.206
330.123
330.015
330.361
330.038
329.81
329.618
329.55
329.042
328.893
329.306
329.674
329.188
329.206
329.565
330.107
330.145
330.1
330.084
330.047
329.693
329.833
330.105
330.208
330.363
331.971
331.808
332.135
331.968
331.843
332.415
332.12
331.972
330.565
330.331
329.759
329.47
329.256
329.322
329.317
329.495
329.961
329.442
329.144
329.127
329.005
329.053
328.791
328.515
328.211
327.719
327.269
327.364
327.399
327.174
326.821
326.619
326.45
326
325.711
325.794
325.688
325.844
325.282
326.331
326.143
325.151
325.144
325.42
325.624
325.308
324.95
325.226
324.965
324.031
323.272
322.734
322.385
322.097
321.478
321.999
321.72
321.486
321.313
320.839
319.915
320.198
319.668
319.634
319.597
319.109
319.299
319.111
320.053
319.661
319.635
320.061
319.806
319.604
319.608
319.565
319.2
319.638
319.819
319.702
319.779
319.435
319.661
319.432
319.378
319.192
318.708
318.661
318.629
318.625
318.706
318.492
318.244
318.691
318.733
318.358
318.137
317.742
318.05
318.131
318.264
319.01
317.037
317.025
316.987
317.086
316.638
314.398
314.444
315.057
315.753
316.091
315.942
316.123
316.604
316.565
316.472
315.878
315.666
315.755
316.216
316.102
316.213
315.359
315.415
315.844
315.881
315.988
315.743
316.397
316.931
317.026
317.082
316.707
316.567
316.403
316.485
316.184
315.636
314.489
314.249
314.462
313.571
313.492
313.028
312.659
313.212
313.326
313.058
312.67
312.582
312.727
312.848
312.849
312.458
313.005
313.036
313.096
313.189
312.969
312.914
312.854
314.635
314.323
314.174
312.744
313.114
314.609
314.741
314.826
314.097
314.075
314.718
314.77
314.851
314.579
314.671
315.376
315.555
315.712
316.271
316.123
316.097
316.885
316.824
316.605
316.141
315.966
316.469
316.294
316.379
316.268
316.495
316.947
316.429
316.537
316.736
316.761
317.171
318.187
318.203
317.52
318.072
318.33
318.746
319.361
319.457
319.178
319.223
319.679
319.806
320.101
320.141
318.698
319.203
318.964
319.091
319.258
317.807
317.927
317.811
317.98
317.966
317.851
317.443
318.797
318.966
319.667
319.355
319.112
319.837
319.878
319.566
319.465
319.033
319.152
318.311
317.933
317.6
317.243
316.433
316.594
316.311
315.46
313.9
313.735
313.99
312.731
312.627
312.418
312.44
312.697
312.77
312.783
313.027
312.972
312.854
312.069
311.99
311.619
311.758
312.677
312.651
312.595
312.917
312.96
313.03
313.478
313.9
313.899
313.588
313.542
313.632
315.161
315.291
315.44
315.547
315.559
317.081
317.211
315.269
314.726
314.774
314.968
315.51
314.994
314.58
314.527
314.812
314.989
315.035
314.633
314.604
314.564
314.717
314.857
315.72
315.872
316.2
316.511
317.183
317.203
317.059
317.942
319.572
319.904
319.938
319.916
319.788
319.866
319.814
319.773
319.627
319.238
319.272
319.219
319.325
320.263
320.126
320.916
321.103
321.266
321.756
321.469
321.27
321.357
321.313
321.28
320.666
320.232
320.633
320.782
320.825
320.549
320.309
320.337
320.346
320.429
320.236
320.288
321.494
321.929
321.884
322.014
321.937
322.179
322.812
323.152
323.12
323.243
322.916
321.857
322.024
321.949
322.175
322.241
321.995
322.336
322.257
322.402
322.192
322.056
322.502
322.496
322.467
322.364
322.607
324.203
324.33
324.649
324.298
324.293
324.02
324.236
324.116
323.869
323.918
323.65
323.816
323.274
323.063
322.933
323.043
322.548
322.782
322.744
322.519
322.252
322.246
322.624
317.717
316.693
316.348
316.521
316.811
316.771
316.847
316.686
315.18
314.543
315.378
315.469
315.301
313.917
313.869
314.107
313.8
313.825
313.545
313.347
313.695
315.172
315.33
314.982
314.899
315.122
315.496
315.549
315.704
314.057
314.076
314.122
314.045
313.781
313.217
313.161
312.995
312.618
311.854
311.357
311.872
310.539
310.816
310.774
310.778
311.053
311.07
311.393
311.366
311.38
310.148
310.207
310.139
310.731
310.611
310.452
310.84
311.169
310.995
311.011
315.44
316.325
316.725
317.036
317.044
317.265
317.03
317.208
318.954
319.694
319.948
320.036
320.481
322.116
322.323
322.49
322.765
322.35
322.867
323.307
323.339
323.521
323.645
324.051
324.312
323.94
324.229
324.268
324.012
325.924
326.356
326.632
327.012
326.817
327.338
327.539
327.752
328.131
329.197
329.477
329.352
331.001
331.149
331.361
331.822
331.724
331.638
331.424
331.9
332.424
334.041
333.951
334.082
334.537
334.573
334.842
334.372
333.952
334.698
334.798
334.944
334.959
334.156
333.895
333.652
332.957
333.196
332.161
332.037
330.589
330.472
330.371
329.679
329.706
329.902
330.062
330.104
330.391
329.916
329.666
329.479
329.109
328.21
328.048
327.644
328.16
327.888
327.854
328.317
328.181
328.002
327.954
326.728
327.451
327.399
327.664
327.834
327.848
327.794
328.329
328.199
328.52
328.561
328.87
329.147
329.128
329.198
329.562
329.378
329.405
329.447
329.303
329.384
328.853
329.083
329.101
328.389
328.801
326.135
325.798
325.697
325.332
325.949
325.887
325.934
326.46
326.502
325.903
325.976
327.383
327.364
327.331
327.414
327.303
327.186
326.912
326.739
326.969
326.941
326.735
326.714
326.875
327.482
327.287
327.405
327.198
326.635
326.444
325.606
325.498
325.501
325.251
326.218
326.022
325.898
325.631
325.189
324.885
324.564
323.874
323.993
323.409
323.243
322.807
322.17
322.293
321.599
321.403
321.239
321.059
320.392
320.62
320.417
320.655
320.381
320.014
320.953
320.777
323.328
323.471
323.702
322.789
322.598
321.595
321.46
321.459
320.666
320.885
320.693
320.437
320.524
320.292
320.494
320.541
320.421
320.701
320.258
320.159
320.55
320.639
320.773
320.528
320.36
320.91
321.15
320.982
321.373
320.819
321.237
321.449
321.557
321.892
321.631
321.431
321.579
321.541
321.399
321.598
321.356
321.797
321.792
322.096
322.259
320.788
320.021
319.973
320.596
320.636
320.541
320.412
320.689
320.54
320.397
320.193
319.675
319.947
319.915
319.838
319.742
317.649
317.299
317.871
317.985
318.937
318.657
318.642
319.46
320.781
320.925
321.198
320.727
320.994
320.991
320.811
320.815
320.463
321.132
321.256
320.419
319.997
319.511
319.618
319.685
319.703
319.451
319.597
319.374
320.041
320.174
319.962
319.732
318.442
318.503
318.558
318.761
318.58
318.619
318.563
318.662
318.576
318.603
318.484
318.266
319.863
320.984
321.122
320.999
320.489
319.674
320.006
320.272
320.38
320.645
320.105
319.947
319.884
318.83
318.526
318.013
320.138
320.318
319.939
320.04
318.667
319.058
319.054
318.943
318.437
317.988
316.977
317.316
317.41
317.153
316.505
316.54
316.706
316.259
315.518
316.113
316.424
316.882
316.964
316.218
316.272
316.044
316.074
316.438
316.368
316.371
315.9
316.201
317.63
317.974
318.092
317.642
317.509
317.619
316.999
317.341
317.356
316.935
316.809
316.994
317.226
317.215
316.474
316.476
316.934
316.755
316.503
315.943
315.866
315.876
316.782
316.904
317.06
317.85
318.263
318.98
319.3
319.06
319.649
319.416
320.956
321.252
321.406
321.444
321.617
322.314
323.449
323.578
323.804
324.476
325.281
325.46
325.606
325.892
326.608
326.31
326.324
326.655
326.895
327.966
327.938
328.201
328.354
328.459
328.562
328.654
329.203
329.062
329.059
329.227
329.406
329.867
329.888
330.356
331.434
331.527
330.993
329.222
328.704
328.693
328.462
328.452
329.079
329.345
329.478
330.893
330.915
330.192
329.494
328.892
328.801
329.622
329.567
329.7
329.842
329.962
329.913
330.632
331.318
331.562
331.677
331.47
331.417
331.531
331.979
331.671
331.511
331.315
330.852
330.306
329.922
329.67
329.632
329.548
328.388
328.201
327.823
327.493
327.27
324.147
322.304
322.418
322.125
322.009
321.861
321.758
321.639
321.499
320.22
319.784
319.621
317.95
318.368
318.311
318.178
318.24
318.426
320.462
321.306
321.491
321.618
321.754
321.805
321.667
321.655
321.656
321.383
322.422
323.36
324.216
324.433
323.26
322.168
322.44
322.435
322.332
321.913
321.66
321.255
321.515
321.451
321.371
321.354
320.922
320.951
321.259
321.534
321.434
321.987
321.726
322.255
322.512
322.776
323.128
324.456
324.028
324.782
325.068
325.068
328.196
329.839
330.118
330.285
330.293
329.796
328.992
328.872
328.947
330.142
330.504
330.436
331.533
331.375
330.767
330.685
330.551
330.969
330.713
329.905
329.506
328.291
328.065
326.751
326.734
326.665
326.547
326.964
326.612
326.215
325.775
325.377
326.228
326.869
326.758
326.572
325.864
326.074
326.225
326.233
326.008
325.897
325.712
325.577
325.281
325.124
324.832
324.575
324.874
324.397
324.7
324.507
324.112
323.616
323.435
322.796
323.881
323.564
323.3
323.163
320.956
321.293
321.146
320.878
320.71
321.278
321.648
320.799
320.79
320.485
320.322
319.927
320.588
320.572
320.952
320.772
319.361
319.455
319.505
319.928
319.289
320.24
320.601
321.809
321.992
321.946
321.841
320.256
319.188
319.488
319.472
319.634
319.329
319.793
319.71
319.85
320.322
320.062
319.891
320.116
320.042
319.955
318.028
316.735
317.178
317.154
316.376
316.223
315.608
315.675
315.724
315.606
315.617
314.394
313.479
313.82
313.846
313.857
313.649
313.808
315.776
315.716
315.086
314.979
315.226
315.262
315.657
316.694
316.642
315.595
315.622
316.198
316.216
316.192
315.967
316.102
317.447
317.384
317.677
317.957
317.247
317.327
317.184
317.291
317.231
317.216
317.364
318.985
320.272
320.111
320.174
317.98
318.361
318.396
317.158
315.78
315.921
316.302
316.346
316.52
316.824
315.521
317.854
319.492
319.473
319.521
320.177
319.38
319.859
319.656
319.812
319.787
319.985
321.246
322.087
322.057
322.057
321.722
320.663
320.675
320.618
320.541
320.597
320.465
319.93
319.926
320.136
319.758
319.392
319.568
319.778
319.743
319.757
319.58
319.792
319.683
319.679
319.193
317.939
317.6
318.987
318.921
318.56
318.17
318.129
318.184
316.979
316.763
317.025
316.761
316.825
318.928
318.821
318.651
319.724
321.085
320.806
320.44
320.197
319.613
319.425
320.859
320.675
319.623
319.705
319.343
319.403
320.303
320.275
319.578
319.251
319.296
319.18
319.206
319.188
318.715
318.646
318.892
320.023
319.286
319.195
319.022
319.449
319.797
319.369
319.29
318.826
319.238
318.936
320.122
319.79
318.999
318.885
318.94
318.788
318.689
318.648
319.029
319.708
319.482
319.528
319.491
319.369
317.505
317.43
317.532
318.689
318.353
318.394
318.711
318.784
318.969
319.182
318.981
319.199
319.111
319.231
319.421
319.168
319.52
319.553
319.412
319.188
319.329
319.149
318.678
318.657
317.466
316.578
317.488
318.075
318.382
318.744
319.001
318.648
318.493
318.573
317.837
317.092
313.54
313.589
313.79
314.032
312.605
312.781
311.757
311.792
311.675
311.979
311.884
311.739
312.339
312.311
312.27
311.733
311.794
311.759
311.664
312.056
311.846
311.861
311.817
312.101
314.281
314.135
311.958
311.656
312.014
311.934
312.031
311.515
311.316
311.255
311.446
311.293
310.479
310.371
310.363
310.74
310.766
310.452
310.489
310.683
311.439
311.913
311.901
311.682
313.02
314.053
314.057
313.811
312.605
312.239
311.889
311.999
312.391
311.953
312.724
313.549
317.666
317.683
317.539
317.406
318.941
319.479
320.354
320.601
320.362
320.657
320.489
320.461
320.423
320.085
320.398
321.35
321.555
321.551
321.497
320.967
321.59
321.656
321.89
322.055
321.715
321.604
323.861
324.036
323.845
324.068
323.586
322.883
322.61
322.336
322.067
321.632
322.216
322.17
321.884
321.722
320.948
320.923
319.914
319.872
319.667
319.087
319.358
319.439
319.046
318.813
318.29
318.24
319.149
319.088
319.038
319.092
318.934
319.357
319.275
319.196
319.133
318.75
318.828
318.827
318.26
318.239
317.83
317.555
317.211
317.055
316.94
316.636
316.646
316.764
316.729
316.346
316.136
315.661
314.653
315.026
314.825
313.647
312.79
312.671
313.043
313.31
313.234
312.869
313.042
312.718
312.943
313.857
313.424
312.875
313.116
313.687
313.876
313.154
313.383
313.588
314.371
314.525
315.163
313.775
313.79
313.803
314.378
312.803
311.451
311.319
311.701
311.692
311.636
310.542
310.802
310.959
311.304
311.081
310.711
310.88
310.705
311.125
311.116
310.202
310.693
310.895
310.54
310.578
311.201
311.292
311.648
311.96
311.319
311.533
311.278
311.503
311.7
311.372
312.619
312.756
312.574
313.825
314.493
314.599
314.755
313.277
313.276
313.152
313.386
313.098
312.62
312.468
312.531
313.534
313.832
313.496
313.637
314.347
314.55
314.592
314.586
314.738
315.183
316.594
316.741
317.017
316.411
317.736
319.279
319.563
319.762
319.589
319.758
321.158
321.276
321.457
312.473
312.657
312.837
312.721
313.014
312.649
312.56
313.312
313.32
313.277
313.598
313.846
313.775
313.195
313.064
312.967
313.578
313.552
313.729
313.534
313.424
313.739
313.5
313.316
313.568
313.16
312.621
312.486
312.187
313.516
313.531
313.333
312.886
313.309
313.834
314.013
314.34
313.551
312.956
313.285
313.203
313.441
312.575
312.429
312.221
312.042
311.685
311.329
311.319
311.325
311.651
312.107
311.873
311.818
311.698
311.86
311.488
311.538
309.701
309.559
318.249
317.06
317.195
316.427
316.298
316.595
316.693
316.778
316.28
316.203
316.798
316.639
316.606
316.947
316.744
316.843
316.497
316.615
316.455
316.447
316.236
316.705
316.571
316.505
316.192
316.213
315.739
315.497
315.365
314.971
314.982
315.768
316.081
316.002
315.773
315.711
316.13
315.98
316.164
316.207
315.859
315.125
315.817
315.785
315.945
315.692
313.867
313.89
313.854
313.825
313.657
313.604
313.785
313.609
313.672
313.646
314.057
313.891
315.509
315.163
315.247
316.295
316.521
316.563
316.892
317.058
315.618
315.571
316.076
315.42
315.157
314.63
314.218
314.545
314.679
314.883
315.076
314.997
315.142
315.269
315.68
315.879
315.622
315.296
315.785
316.012
317.182
317.318
317.612
318.141
318.232
318.295
318.336
317.079
317.532
317.886
317.774
318.695
318.693
318.79
319.197
318.947
318.578
318.626
318.832
319.306
321.456
321.735
321.829
321.514
321.968
322.045
322.284
321.738
320.356
319.422
319.298
318.922
318.949
318.94
319.149
319.177
319.201
320.174
320.096
320.006
321.385
321.571
321.812
322.467
321.626
322.342
323.001
323.069
322.817
322.927
323.372
323.665
323.919
324.248
324.264
324.136
324.905
325.507
325.35
325.534
324.865
324.673
324.611
324.535
324.451
324.329
323.54
324.817
324.647
323.982
323.943
323.456
321.817
321.461
321.315
322.369
322.512
322.478
322.213
321.96
321.869
321.626
319.95
320.299
320.006
319.82
319.481
319.429
320.769
321.844
321.912
319.155
318.83
319.009
318.928
318.994
318.337
317.62
317.579
317.496
317.565
317.475
316.844
316.675
317.708
317.475
317.025
316.834
317.083
316.129
314.755
314.096
313.731
312.033
311.72
311.717
311.153
311.112
309.841
309.706
309.95
310.145
310.159
308.694
308.536
306.743
307.361
307.257
306.053
306.42
306.422
306.852
308.549
308.559
308.778
308.77
309.018
308.991
308.43
308.41
308.591
308.796
310.259
310.205
308.829
308.819
308.984
309.647
309.722
309.432
309.307
312.278
312.796
313.146
312.352
312.24
312.885
313.586
313.617
313.432
312.711
312.804
313.258
313.369
313.5
313.21
313.651
313.958
314.225
315.06
316.073
315.936
316.118
317.575
317.673
317.581
317.321
317.24
318.449
318.321
318.393
318.034
317.989
319.227
319.247
320.178
319.955
320.179
321.306
321.168
321.325
321.16
319.817
319.904
319.17
318.889
318.844
317.509
318.065
318.181
318.125
318.148
317.699
317.736
319.376
319.405
319.339
318.732
318.381
318.181
317.062
316.809
315.964
315.636
316.201
316.285
316.158
315.301
315.069
315.309
315.94
315.753
315.719
315.134
314.775
314.999
314.658
314.296
312.033
311.862
311.683
312.015
311.941
311.477
311.529
311.245
311.741
311.674
311.648
310.921
311.098
311.149
311.098
311.208
311.304
312.268
312.462
312.401
312.642
312.518
312.579
312.648
313.764
313.736
313.529
313.522
313.49
314.679
314.785
314.731
314.523
314.455
313.915
312.824
312.795
312.494
312.508
312.908
312.967
313.409
314.281
314.482
314.575
314.558
313.811
313.46
313.631
314.275
314.093
313.94
312.579
312.639
312.676
313.245
313.587
313.762
313.448
313.506
315.536
315.45
315.833
315.641
315.617
315.904
315.703
315.422
314.958
315.133
315.192
315.973
315.905
315.976
314.574
314.801
314.571
314.53
314.46
313.924
313.921
313.35
313.047
312.963
312.932
313.043
313.75
313.823
313.931
312.761
312.73
312.93
313.141
313.156
313.757
314.863
314.806
315.366
315.329
315.608
315.411
315.368
315.626
315.697
316.366
316.052
316.971
317.371
317.199
316.656
316.647
316.723
318.258
317.882
317.492
317.308
316.853
316.733
317.104
317.246
317.225
317.053
316.913
317.263
317.392
317.558
317.35
317.982
318.587
318.707
318.768
318.752
317.3
317.451
318.867
318.988
319.156
318.783
318.762
318.904
318.918
319.763
319.52
319.122
319.446
319.706
319.893
320.027
319.772
320.405
320.515
320.609
320.723
320.419
320.682
319.689
319.728
319.583
319.187
319.173
319.581
319.716
319.716
319.65
319.34
319.67
319.53
319.375
319.411
319.476
319.751
318.994
318.964
319.299
319.236
319.44
319.686
319.716
319.908
319.42
319.641
319.622
319.639
319.458
319.14
318.326
318.486
318.167
317.616
317.291
316.865
316.921
318.237
318.266
317.596
316.844
316.737
316.71
316.599
316.93
316.358
316.124
316.103
315.731
315.326
314.61
314.45
314.184
314.22
314.795
314.13
313.952
312.848
312.854
312.637
313.418
313.232
313.197
313.427
313.283
312.893
312.19
311.568
311.463
311.534
311.448
311.217
311.19
310.92
311.28
310.498
310.548
310.261
310.181
309.872
309.649
309.118
309.113
308.915
309.048
306.059
305.01
304.853
304.94
305.197
305.936
305.561
305.763
306.199
306.331
306.758
306.646
307.132
307.546
308.427
309.158
309.617
309.769
310.354
310.665
311.123
311.375
311.382
311.884
312.24
312.835
313.054
313.474
313.301
313.633
314.147
313.919
314.925
315.332
315.396
313.49
313.785
314.031
314.225
314.453
314.748
315.698
316.639
317.005
317.132
317.449
317.994
318.236
318.577
318.722
319.599
320.496
320.888
321.225
321.453
321.136
321.721
321.879
322.057
321.56
324.165
325.498
325.84
326.013
325.987
326.024
326.275
325.287
325.506
325.656
323.838
322.696
322.282
321.977
321.729
321.61
321.089
321.485
321.083
320.945
321.015
320.741
320.569
320.755
320.503
320.6
320.265
320.109
320.706
320.762
321.122
320.461
319.314
319.382
319.789
322.322
322.338
321.475
321.661
321.7
321.943
321.12
320.993
319.374
319.357
319.469
319.558
319.373
318.934
318.951
319.073
319.2
319.233
319.268
317.576
318.24
318.265
318.513
318.736
319.259
319.825
320.104
319.948
319.931
319.591
318.642
319.122
320.033
319.179
318.609
320.47
321.867
322.161
322.329
321.945
321.163
321.407
321.328
320.875
319.723
319.53
320.03
320.861
321.091
321.302
321.273
321.6
321.797
320.475
320.172
320.03
320.73
322.039
322.302
322.279
322.093
322.237
322.964
323.164
323.287
323.29
324.114
324.131
325.954
326.412
326.694
326.796
325.701
326.168
326.411
326.665
326.79
327.007
326.995
329.437
329.369
328.991
328.88
328.843
328.966
329.096
328.351
328.702
328.931
329.627
329.195
329.017
329.423
330.36
331.075
330.67
330.724
330.806
330.931
331.39
332.22
331.893
332.043
332.521
333.729
333.837
332.954
331.643
331.672
331.875
331.645
331.54
329.912
331.265
331.654
331.445
331.463
331.036
330.828
330.837
330.762
329.376
327.152
325.965
325.791
325.596
325.504
325.242
324.869
324.331
323.991
323.858
324.688
324.775
324.801
324.729
323.482
322.985
321.423
321.363
321.51
321.873
321.785
321.364
321.655
321.506
321.167
321.091
320.896
320.568
322.081
321.328
321.023
321.08
319.775
320.265
320.273
320.224
320.053
320.025
320.273
320.581
320.566
320.853
320.562
319.461
319.976
321.135
321.015
320.846
320.741
320.776
322.025
321.977
321.952
322.198
321.295
321.63
321.751
321.714
321.615
322.38
324.611
325.685
325.7
325.908
325.271
325.15
325.382
325.755
325.795
325.828
326.044
326.218
326.033
325.816
326.734
326.931
326.869
327.037
326.956
327.285
327.241
327.094
327.054
327.075
327.385
327.139
326.883
326.814
326.454
327.297
327.215
325.593
325.646
325.569
325.347
324.988
324.968
324.157
323.725
323.751
323.674
322.106
322.092
323.24
323.254
323.11
323.07
322.617
322.956
323.023
323.168
323.044
323.014
322.485
323.718
323.764
323.525
320.972
320.629
321.069
321.056
320.499
320.476
320.195
320.756
321.034
320.142
318.961
318.731
318.24
318.409
317.631
316.65
316.805
315.51
315.708
316.016
316.044
316.203
315.838
315.93
316.54
316.336
316.508
317.532
317.823
318.256
318.208
318.354
318.565
318.522
319.909
321.008
320.915
321.177
321.502
321.176
321.798
322.148
322.161
321.909
321.93
318.706
318.88
318.985
318.88
317.473
317.804
317.792
317.835
318.001
317.842
317.632
318.251
318.327
318.034
318.387
320.756
321.375
321.597
321.774
322.498
322.104
322.279
321.952
322.106
323.003
324.358
324.236
324.879
325.261
326.134
327.368
327.486
328.756
328.886
330.536
330.707
330.721
331.326
331.114
331.254
331.874
332.157
332.292
332.329
332.317
332.81
333.195
333.318
333.551
333.486
333.67
333.955
334.03
334.108
334.582
334.634
334.887
335.239
335.725
337.357
341.586
341.596
341.735
342.016
343.628
343.763
343.418
343.193
343.173
343.568
343.465
343.091
342.567
342.734
342.33
342.327
342.013
341.794
341.175
340.855
340.917
340.944
341.155
339.617
339.231
339.036
339.505
339.513
338.68
338.348
338.201
337.816
338.098
337.995
337.016
336.716
336.487
336.204
336.423
335.684
335.375
335.016
334.688
334.597
334.438
332.811
332.497
332.288
332.41
332.527
332.171
331.938
331.802
331.603
331.465
331.847
330.288
329.702
329.551
329.167
329.055
328.56
328.068
327.272
327.363
326.934
327.048
327.146
327.115
327.136
327.439
327.502
327.011
326.944
325.963
326.294
326.597
326.382
326.85
327.013
327.55
327.728
328.016
329.067
329.272
329.358
329.565
329.477
328.619
328.394
328.494
328.84
328.976
328.789
329.052
328.979
329.134
329.119
329.28
329.721
329.571
329.847
330.055
330.229
330.281
331.274
331.349
331.459
331.617
331.297
329.268
328.58
328.586
328.576
328.302
328.09
328.927
329.202
329.291
329.636
327.579
326.585
326.359
326.18
326.136
326.685
326.802
326.974
327.147
326.944
327.077
326.951
326.665
327.055
328.254
328.117
328.161
327.565
327.467
327.537
327.44
327.402
327.525
327.685
326.745
325.045
324.931
324.661
325.775
326.022
326.004
326.092
326.157
326.276
326.443
326.233
326.353
326.357
326.203
326.302
326.094
325.762
325.624
325.315
325.319
325.153
324.47
324.449
324.341
324.573
326.574
327.4
327.424
326.859
327.012
327.189
327.289
327.265
327.153
327.228
329.472
331.06
331.517
332.766
333.042
333.213
333.623
333.421
332.416
332.7
332.737
333.227
334.48
333.718
333.801
333.838
333.725
334.805
334.776
334.506
334.501
334.431
334.412
333.085
333.892
335.941
335.968
336.159
336.15
336.382
334.656
334.507
334.367
334.077
334.283
334.278
334.413
334.672
334.43
334.433
335.018
333.883
333.173
333.369
332.583
332.949
333.503
333.476
333.62
333.854
334.265
334.334
332.783
333.628
333.857
333.827
334.433
334.447
334.654
334.794
334.289
334.438
334.921
334.351
334.332
333.709
333.539
333.89
334.973
335.119
335.117
334.144
334.357
335.318
335.186
335.213
334.901
335.081
335.616
336.11
335.805
336.025
336.129
337.962
338.492
338.513
338.234
338.26
338.842
338.894
340.911
340.941
340.468
340.269
340.237
340.72
340.792
340.769
339.532
339.804
339.789
341.153
342.057
341.537
342.409
342.861
343.179
343.518
343.628
343.226
343.581
343.675
345.648
345.842
345.058
343.663
342.574
343.028
342.092
342.02
342.25
342.509
342.566
343.178
343.129
343.88
343.512
343.394
343.43
343.65
343.609
344.706
343.04
342.88
343.263
343.393
343.07
342.532
342.303
342.012
342.347
342.191
341.837
341.008
340.835
340.711
340.455
339.78
339.546
339.315
339.161
339.046
339.177
339.495
339.129
339.039
338.847
338.731
340.133
340.124
338.906
338.8
338.439
338.527
338.605
338.06
337.988
337.415
337.262
337.526
337.309
336.837
336.779
336.182
337.101
338.565
339.315
338.635
339.392
339.191
339.432
338.937
338.345
336.777
336.272
336.107
336.342
336.288
335.531
335.013
334.922
334.667
336.133
335.267
334.311
334.166
334.686
335.026
335.071
333.91
333.972
333.954
334.241
335.034
334.447
334.293
334.682
335.214
334.945
334.815
334.068
334.089
333.9
334.02
334.275
333.357
332.977
332.169
332.108
331.808
332.646
330.944
331.214
331.32
331.213
331.378
330.84
330.907
330.655
330.647
330.398
330.422
330.163
330.464
330.34
329.987
330.008
329.929
330.05
330.201
330.201
330.035
330.349
330.004
329.6
329.568
328.793
328.611
328.574
328.766
328.748
328.56
328.402
328.342
328.641
328.615
328.598
328.368
328.179
328.792
328.485
328.447
326.319
326.155
326.219
326.111
325.965
326.032
326.099
326.079
325.994
325.548
323.53
323.55
323.734
324.296
324.451
323.93
324.25
324.424
324.507
326.123
325.631
326.018
326.174
326.302
326.405
326
326.267
326.114
326.045
325.878
325.778
325.345
325.248
325.462
324.666
324.8
324.402
324.231
324.15
323.902
323.417
324.964
325.636
324.684
325.454
324.883
325.309
325.207
324.288
324.4
324.367
322.321
322.572
322.613
322.23
322.142
320.999
321.43
321.745
322.004
323.686
323.504
323.861
323.843
323.952
323.744
323.368
323.19
323.927
324.447
326.945
326.789
326.611
326.258
325.568
326.842
326.842
326.613
326.495
326.58
327.146
326.79
326.697
326.637
325.501
326.043
325.886
326.06
326.054
326.06
326.318
326.734
326.951
326.981
327.861
326.81
327.04
327.15
326.985
327.164
327.417
327.419
327.607
328.335
328.199
328.906
328.434
328.399
329.449
329.735
330.045
333.023
330.782
330.902
330.413
330.787
332.079
331.645
331.716
331.458
331.708
331.907
331.436
331.63
330.825
329.18
329.29
329.309
329.288
329.167
329.135
329.215
329.294
329.681
330.383
330.625
330.388
329.341
329.475
328.918
328.71
329.05
329.208
329.262
330.431
330.543
330.821
330.874
331.176
331.544
330.991
330.997
328.959
328.949
328.946
328.741
327.916
327.623
327.716
327.974
325.593
324.946
324.793
324.713
324.524
323.889
324.116
323.92
323.42
322.934
322.412
322.04
324.166
323.931
324.774
324.456
322.92
323.307
322.971
322.883
322.66
322.462
322.543
322.243
322.695
324.273
324.51
323.073
321.817
321.605
321.296
321.207
319.439
319.446
317.972
317.409
317.351
318.027
317.914
317.41
317.195
316.963
316.253
316.168
316.125
315.895
315.588
315.273
314.964
314.92
315.095
315.016
316.55
315.973
315.774
317.071
317.663
317.617
317.164
317.151
319.413
319.865
319.865
319.934
318.679
318.933
319.001
319.117
319.455
319.091
319.381
319.575
319.329
319.244
318.151
317.974
318.508
318.478
318.459
318.498
318.177
318.264
318.771
318.181
318.559
318.284
318.466
320.192
321.185
321.329
321.627
321.7
323.436
323.609
324.28
324.551
324.436
324.905
325.286
326.226
326.678
326.798
327.001
327.055
327.538
327.597
327.876
327.926
328.199
328.552
328.759
328.813
329.05
328.992
329.298
329.441
329.665
329.99
330.595
330.1
330.125
330.363
330.495
330.768
332.475
332.575
333.007
333.209
333.118
333.872
333.694
333.666
333.945
333.178
334.214
333.927
334.901
334.927
335.218
333.573
334.135
333.558
333.497
334.31
333.449
334.052
333.888
333.847
334.178
334.39
334.417
333.931
333.681
333.95
334.922
334.958
335.268
335.322
334.969
335.194
335.077
335.091
335.502
334.397
334.38
334.672
334.645
334.986
335.037
334.531
334.709
334.759
334.924
335.66
335.635
335.738
334.848
334.751
334.875
335.323
335.13
335.046
334.903
334.663
334.537
334.511
332.693
332.576
332.552
332.374
332.64
332.341
332.231
333.03
332.619
333.127
332.506
332.294
332.165
333.665
333.547
334.159
333.498
333.125
333.739
333.577
333.616
333.627
333.219
333.18
333.003
333.256
333.423
332.757
332.696
332.766
332.744
332.58
331.885
331.472
331.41
331.622
331.7
332.806
332.115
332.099
331.96
331.766
331.627
331.949
330.026
330.113
330.224
330.439
330.409
330.623
331.726
332.054
331.854
332.048
332.539
332.229
332.465
332.857
332.991
333.493
335.21
334.958
335.337
335.738
335.816
336.416
336.624
336.62
337.396
337.712
335.669
336.033
335.865
336.298
336.638
336.719
337.401
338.01
337.89
338.099
338.338
338.479
338.726
338.621
338.16
337.51
337.86
338.372
338.478
337.971
338.128
338.182
339.275
339.712
339.784
339.217
339.207
339.248
340.049
339.637
338.266
338.23
338.321
338.482
340.207
340.043
337.008
336.545
336.577
336.523
336.31
335.578
335.762
335.656
335.768
335.999
335.724
335.282
335.064
334.804
334.768
335.142
334.387
334.103
334.042
333.81
333.765
333.876
333.252
333.128
335.658
335.395
335.555
335.34
334.995
334.568
334.521
334.101
334.352
333.834
333.788
333.979
334.039
333.942
334.607
333.714
333.45
333.36
332.914
333.241
332.767
332.873
332.769
332.683
332.727
333.086
332.499
332.403
331.664
331.638
332.895
332.647
332.431
331.98
331.838
331.833
334.291
333.783
333.404
333.002
332.9
333.304
332.7
332.641
332.649
332.774
332.932
333.078
331.639
331.77
331.66
330.97
331.45
331.003
330.851
330.98
330.771
330.815
331.352
330.661
330.69
330.808
330.912
330.675
330.156
330.319
330.261
330.421
330.165
330.423
328.434
328.067
327.813
327.712
327.369
328.663
328.71
328.665
328.972
328.916
329.157
328.855
328.486
328.158
327.944
327.923
327.922
328.1
328.731
328.978
328.827
329.066
329.13
329.385
329.611
329.3
329.407
329.571
329.651
329.717
329.619
329.616
329.914
329.387
329.2
329.212
329.074
328.988
330.032
328.82
328.596
329.197
328.997
328.991
329.059
329.059
329.135
328.954
328.744
328
326.379
325.494
325.19
325.143
324.614
324.618
324.543
324.005
324.102
323.951
325.927
325.939
326.399
326.67
326.685
325.546
325.459
325.285
324.232
324.273
322.622
322.629
322.706
322.77
322.891
322.658
323.202
322.859
322.818
322.639
322.798
322.844
322.784
322.097
321.891
322.063
321.491
321.065
321.127
321.079
321.174
320.919
321.065
321.487
321.449
320.766
320.833
320.273
320.657
321.691
321.748
321.552
321.257
320.779
320.592
320.276
320.027
319.66
319.576
320.667
322.06
322.629
322.666
321.116
321.315
320.532
319.615
320.173
320.085
319.099
319.076
319.087
318.967
317.634
317.614
319.21
319.292
319.469
320.308
320.383
322.247
321.671
321.898
322.229
321.723
322.013
322.078
322.421
321.667
321.64
321.689
321.748
321.836
322.553
322.915
322.578
323.256
324.223
323.555
323.716
323.693
323.883
323.411
323.61
323.769
324.438
323.78
324.608
324.188
324.382
324.504
324.615
324.979
325.836
325.887
326.131
326.201
326.594
326.539
326.132
326.21
326.4
326.447
327.981
328.727
329.482
330.384
330.283
330.272
331.575
331.277
331.018
330.642
331.695
331.034
330.749
330.364
330.175
330.202
328.236
327.875
328.358
327.979
326.842
326.939
326.705
326.198
325.993
326.406
326.124
325.377
325.137
325.034
324.948
324.554
324.543
324.412
324.179
324.923
324.217
323.772
323.692
323.958
323.608
321.575
320.935
321.426
321.096
321.431
321.041
320.799
319.911
319.959
319.864
317.181
316.865
317.025
317.041
317.227
317.086
316.651
316.176
316.099
316.126
315.974
315.505
315.201
315.257
315.453
315.27
315.246
315.037
314.717
314.889
315.158
315.22
314.405
314.61
314.727
315.675
315.521
315.472
315.167
315.929
316.191
316.169
315.759
315.497
315.572
315.809
316.422
316.43
315.96
315.903
315.318
315.604
315.523
315.528
314.93
315.291
314.887
314.818
314.892
314.525
316.204
316.659
316.688
316.813
315.522
315.546
315.774
316.714
316.923
317.094
319.699
320.129
319.624
319.84
319.75
320.454
320.695
321.548
321.023
321.521
322.017
322.497
322.425
322.789
322.978
323.418
323.625
324.199
324.949
325.445
325.189
325.35
326.336
326.375
326.429
327.365
326.972
326.499
326.081
326.16
326.371
326.762
327.554
327.251
327.674
327.834
327.794
327.979
328.553
328.448
329.165
329.287
329.534
329.963
330.434
330.902
331.953
331.951
331.937
332.379
331.589
331.689
331.782
331.826
333.496
332.497
332.348
332.235
332.01
331.812
331.922
329.817
330.311
330.21
330.325
330.025
329.592
329.277
328.786
328.488
327.973
327.79
328.265
327.839
327.576
327.139
326.92
325.77
325.543
325.099
325.927
325.844
325.611
325.496
323.15
323.109
323.807
324.232
325.431
325.277
325.252
325.008
324.871
325.72
325.411
325.658
325.9
325.217
325.041
325.36
325.297
325.324
325.128
324.83
323.404
322.569
322.301
322.257
322.285
321.961
322.892
322.842
322.823
322.809
322.391
323.293
323.457
323.53
323.454
323.56
323.132
324.203
324.349
324.251
324.298
324.095
324.974
324.843
325.815
325.489
325.85
325.739
325.949
325.976
325.92
326.02
326.18
326.972
326.983
326.875
326.849
326.685
326.749
326.763
329.096
329.18
328.856
328.894
328.711
328.965
328.802
328.387
328.507
327.829
327.116
326.866
324.909
325.644
325.368
325.143
325.288
325.148
325.226
325.036
326.546
327.238
327.358
327.655
327.755
327.89
327.791
327.804
327.829
327.684
327.367
327.416
327.33
326.842
326.971
327.014
327.247
328.05
327.762
327.792
327.672
327.712
327.586
327.492
327.83
328.105
327.759
327.76
327.529
327.439
327.396
327.524
326.848
327.135
327.156
327.366
327.359
327.485
327.562
327.584
327.655
327.712
327.987
328.32
326.985
325.831
326.042
326.498
326.45
325.544
326.273
325.395
326.99
326.785
325.431
325.304
325.522
325.788
325.95
325.93
325.991
325.897
325.321
325.136
323.963
324.072
323.927
323.722
323.504
323.241
322.165
322.166
322.252
322.641
322.556
322.104
322.167
322.202
322.315
322.069
321.974
321.777
321.579
321.594
321.459
321.442
321.233
321.775
321.895
322.081
322.309
322.277
322.55
322.586
322.537
322.405
322.406
322.125
322.526
322.43
322.327
322.145
322.123
321.801
323.231
324.255
324.03
323.684
323.377
324.953
325.041
325.791
325.131
325.107
326.633
326.691
325.928
325.624
325.199
323.799
323.617
323.515
324.093
323.91
324.458
324.423
323.549
323.465
323.411
322.564
324.08
323.597
323.392
323.316
322.794
323.035
323.09
322.779
322.572
322.612
322.552
323.026
322.983
322.909
322.157
321.731
321.95
321.932
321.825
321.746
321.22
320.832
321.355
321.129
321.068
320.676
320.167
320.359
319.825
319.609
319.505
318.797
318.605
318.774
318.545
318.461
318.13
317.546
317.599
316.58
315.891
315.463
316.191
315.659
315.697
315.65
316.161
315.844
315.044
316.395
316.582
316.4
316.03
316.151
315.751
315.704
316.608
316.456
316.655
317.619
317.653
317.282
317.001
317.02
317.418
317.444
316.441
316.536
316.285
316.218
316.251
315.36
315.379
315.094
315.691
315.816
315.312
315.077
314.624
314.589
314.806
314.121
313.802
313.519
313.418
313.675
313.593
313.47
313.349
313.456
313.353
314.018
313.304
313.293
312.841
312.824
312.967
312.021
312.038
311.83
312.14
312.561
312.078
312.827
312.67
312.892
312.246
312.582
313.296
313.25
313.291
313.466
313.719
313.655
314.586
313.297
313.271
313.467
313.41
313.533
313.305
313.719
314.088
314.173
314.221
313.929
314.953
314.99
315.434
315.483
315.436
315.009
315.135
315.654
315.548
315.726
315.914
316.092
316.6
315.894
315.96
316.68
316.903
317.172
317.242
317.436
318.091
317.859
318.223
318.301
318.393
318.395
319.191
318.343
318.875
318.963
319.17
320.822
320.938
321.947
322.342
322.336
322.757
322.183
322.479
322.256
322.163
322.019
321.937
322.115
321.884
321.87
321.654
321.815
320.907
322.354
322.421
322.437
322.187
321.783
322.154
321.887
320.642
320.572
320.109
320.513
320.398
320.31
320.186
319.81
319.979
320.647
320.65
319.967
319.791
319.191
319.525
319.263
319.274
320.174
320.05
320.363
319.147
319.354
318.636
317.92
318.024
318.479
318.875
318.989
319.011
318.443
318.259
319.194
318.525
318.378
317.949
316.319
316.292
315.254
315.112
314.409
313.994
314.462
314.066
314.089
314.449
314.552
315.019
315.173
315.446
315.427
315.137
314.45
315.435
315.603
315.7
314.928
315.37
316.041
316.048
316.761
317.689
317.859
318.328
318.394
318.425
318.397
318.287
318.864
318.94
319.667
319.625
315.892
316.279
316.971
317.086
317.219
316.817
316.737
317.005
317.096
318.3
317.191
318.229
318.858
318.768
318.905
318.674
318.425
318.737
319.425
319.741
319.607
320.195
320.312
320.769
322.513
322.671
323.686
323.351
324.17
324.741
324.504
324.93
324.848
325.501
325.875
325.939
325.184
325.071
324.841
325.592
326.334
325.658
325.095
324.6
325.789
325.731
325.339
325.368
325.53
325.614
325.675
325.796
325.848
326.149
326.59
326.791
326.832
326.902
326.415
326.568
330.75
330.918
330.994
331.074
331.195
331.683
331.261
331.443
331.4
331.298
332.568
331.92
332.013
332.016
331.951
331.243
330.733
329.631
329.68
329.802
330.018
330.235
329.758
329.459
329.679
329.673
329.913
330.495
329.476
329.607
329.945
330.002
330.117
329.673
329.597
329.546
329.637
329.555
329.548
329.515
328.548
329.374
329.058
329.709
328.257
328.385
328.693
328.574
328.568
328.406
328.223
328.235
327.965
327.953
327.842
327.918
327.264
327.123
327.921
327.703
327.871
327.833
327.805
327.994
328.05
327.979
326.839
326.657
280.96
281.119
281.226
281.687
281.192
280.543
280.674
281.345
281.553
282.342
281.384
281.462
281.459
281.573
282.121
282.317
282.301
281.99
281.997
281.958
282.94
282.686
282.697
282.576
282.322
282.581
282.557
282.127
282.714
282.533
283.045
282.74
283.33
283.376
284.349
284.405
285.386
285.281
285.309
285.186
285.247
284.54
284.756
284.408
284.677
284.627
284.656
284.878
285.336
285.31
285.052
285.207
285.662
285.924
286.213
285.949
286.133
286.094
287.522
287.729
335.994
335.728
335.621
335.292
336.156
337.385
336.852
336.823
337.363
337.492
338.83
338.811
337.046
336.956
337.087
337.455
337.568
338.288
337.996
338.41
338.631
339.261
339.336
339.54
340.24
340.339
339.718
340.388
340.316
340.41
340.291
340.087
340.289
340.006
339.17
338.878
338.854
338.898
338.679
339.008
337.351
338.183
337.702
338.028
337.635
337.205
337.008
336.86
336.841
336.859
336.715
336.581
336.386
336.04
335.686
335.965
335.315
335.394
335.135
334.884
333.996
334.195
334.082
334.186
333.954
333.618
333.923
333.605
333.645
333.417
333.199
333.146
334.873
333.299
332.834
332.582
332.637
332.676
332.916
332.867
332.79
331.924
332.166
332.321
331.873
331.845
332.308
332.275
332.201
332.488
332.134
332.711
332.893
333.079
333.716
333.705
333.922
333.945
334.117
334.119
335.735
336.184
336.571
336.721
336.908
337.336
337.537
337.629
336.904
337.003
337.286
337.5
336.956
336.853
337.137
337.318
337.771
337.9
337.529
337.727
338.729
338.968
339.163
339.148
338.879
339.023
338.158
338.143
338.016
337.785
338.078
338.108
337.978
339.339
339.519
339.215
338.926
338.651
337.477
337.307
336.891
337.943
337.881
337.884
338.263
338.186
337.838
337.871
337.927
337.861
338.221
338.475
338.295
338.107
337.715
337.618
337.405
337.08
336.944
337.059
336.993
336.637
336.401
336.027
336.178
335.993
335.786
335.624
335.954
335.948
335.763
335.735
336.219
336.127
334.356
334.274
333.445
333.229
333.496
332.885
332.659
332.452
332.316
332.505
332.72
331.294
332.094
332.646
333.038
333.492
333.235
333.332
333.679
334.072
334.397
335.068
335.016
335.279
336.574
336.567
336.766
336.454
336.007
336.3
336.562
336.703
337.479
337.411
337.066
337.374
337.633
337.677
337.897
338.04
338.116
338.436
338.684
338.377
337.312
336.849
336.853
337.406
337.324
337.77
337.541
337.645
337.744
337.682
338.13
338.077
337.989
338.04
338.083
338.128
339.491
339.413
339.86
340.009
339.949
340.396
340.35
339.9
339.997
340.033
340.054
341.725
342.075
341.229
341.096
341.095
341.376
340.827
340.568
340.17
340.112
338.836
339.156
338.868
338.658
338.753
338.665
338.593
338.879
338.78
338.146
338.154
338.106
338.434
338.99
338.912
337.724
337.554
337.627
337.564
337.792
337.866
337.167
338.044
339.544
340.211
340.454
340.14
340.427
340.558
340.943
341.275
341.294
340.634
340.738
340.974
341.368
341.35
340.782
338.663
338.931
338.914
339.165
338.957
338.575
338.7
338.775
339.119
338.754
338.177
338.354
338.233
337.287
337.513
337.359
336.771
336.745
337.065
336.66
336.821
336.296
337.119
337.11
336.909
335.853
335.64
335.176
335.008
334.733
334.274
334.577
334.077
333.879
333.649
332.935
332.769
333.621
333.376
333.387
333.208
333.161
333.016
333.526
332.878
332.247
332.004
331.792
332.137
331.792
331.776
330.909
330.588
330.683
331.302
330.958
330.868
330.708
330.589
331.25
333.164
332.338
332.278
332.406
332.493
332.897
331.63
331.705
331.865
332.359
332.482
330.488
330.511
331.226
331.014
331.151
331.624
331.173
331.303
330.984
330.966
331.279
331.228
330.503
330.67
331.785
331.504
332.134
332.287
332.462
331.76
331.625
331.87
331.521
331.587
332.01
332.067
332.238
332.645
332.061
332.185
332.212
332.319
332.588
333.137
333.466
333.237
333.348
329.131
328.324
328.285
329.112
329.062
329.165
329.276
329.183
329.355
329.37
329.401
329.173
329.399
329.805
329.898
329.93
330.118
330.241
330.568
330.443
330.185
329.904
330.214
332.06
331.451
331.435
331.754
331.534
331.352
331.321
331.15
332.005
332.174
332.2
332.366
332.599
332.725
332.71
332.854
332.69
332.712
331.949
332.805
333.016
333.228
333.57
333.119
333.288
333.262
332.996
332.778
332.665
332.312
332.32
331.924
331.711
331.479
331.543
331.537
331.33
335.35
336.451
336.288
335.679
335.88
335.818
335.926
336.422
336.156
335.739
335.761
335.855
335.768
335.91
335.415
335.463
335.514
335.491
336.242
336.186
335.949
335.903
335.613
335.591
335.951
335.965
335.723
335.73
335.643
336.057
336.037
335.304
335.097
333.951
333.742
333.893
333.413
333.42
333.492
333.36
333.113
333.785
332.275
332.191
332.041
330.801
330.963
330.234
330.172
330.121
329.794
330.101
329.837
329.846
330.033
329.781
329.403
328.898
328.255
328.285
328.403
328.161
328.108
328.184
328.119
327.91
327.864
327.783
327.877
326.876
326.821
326.777
326.841
327.012
326.967
326.516
326.252
326.043
326.083
326.075
326.283
324.953
325.129
324.977
324.738
324.279
324.351
324.278
324.199
324.268
323.347
323.898
323.685
323.976
324.136
324.325
323.009
322.697
322.579
322.573
322.511
321.591
322.995
322.787
322.686
323.718
323.253
323.316
323.419
323.435
323.771
324.042
323.958
323.681
323.525
323.583
323.904
322.99
323.273
323.245
323.218
323.251
323.127
322.924
322.709
322.63
322.421
322.267
321.63
322.321
322.206
322.189
321.967
321.658
322.194
322.667
322.777
322.76
276.257
276.189
275.876
276.833
276.893
277.007
277.104
277.102
277.325
277.351
277.317
277.198
277.6
277.135
277.318
277.885
277.48
276.891
277.783
277.904
277.843
277.896
278.125
278.607
278.095
278.23
278.241
277.947
278.322
278.511
278.463
278.432
278.326
278.21
278.513
278.688
278.759
278.748
278.733
279.704
279.685
279.765
279.912
280.128
280.258
280.458
280.598
280.628
279.909
279.993
280.354
280.778
280.755
280.567
280.559
280.645
280.192
280.039
279.817
279.829
327.561
327.134
327.665
327.697
327.563
327.565
327.701
327.686
327.512
327.389
327.716
327.785
328.321
328.846
326.054
325.85
326.187
326.713
327.153
327.139
327.079
326.956
326.902
326.696
327.327
327.184
327.012
327.417
327.281
326.508
326.465
326.175
325.982
325.948
325.466
325.445
325.372
325.312
325.3
324.753
325.304
325.122
324.912
324.621
324.365
324.352
323.258
323.133
324.091
323.995
323.727
323.918
324.137
324.452
324.565
324.777
325.05
325.017
325.39
325.38
325.191
325.494
325.333
325.234
325.096
324.752
324.671
324.601
324.686
324.655
324.414
324.373
323.92
323.953
326.594
326.416
326.547
326.272
326.255
325.438
325.445
325.466
325.3
325.269
325.17
323.46
323.551
323.473
323.326
324.279
324.171
324.666
324.856
324.526
325.28
325.2
325.413
325.577
325.718
325.753
325.597
325.648
325.924
326.044
325.931
325.864
327.105
327.441
327.64
327.858
328.171
328.208
327.403
327.482
327.557
327.773
327.451
327.601
327.559
327.117
327.439
327.313
327.537
327.546
327.456
327.703
327.511
327.509
327.445
326.799
326.744
326.776
326.483
326.402
326.503
326.673
326.682
326.528
325.831
326.757
327.088
326.632
326.631
326.916
327.065
328.805
328.763
328.628
328.153
327.46
327.324
326.925
326.362
326.256
325.521
325.404
325.161
324.42
323.708
323.924
323.82
323.752
323.539
323.667
323.648
323.972
323.798
323.526
323.217
322.722
322.738
322.378
323.007
322.327
322.224
321.411
321.899
321.467
321.363
321.838
321.333
321.649
321.415
321.335
321.03
320.736
320.775
320.888
320.662
321.374
321.641
320.149
320.761
320.34
320.218
320.284
319.78
319.598
320.023
319.95
319.851
320.05
320.058
320.26
320.21
320.351
320.434
320.237
320.81
321.496
321.788
322.107
322.431
322.861
323.508
323.718
324.126
324.817
325.062
325.424
325.794
326.065
326.267
326.306
326.744
326.728
326.907
327.369
327.758
328.038
328.005
328.305
328.4
329.045
329.33
329.479
329.445
329.868
329.937
330.107
330.609
329.259
329.515
329.762
330.416
330.622
330.113
330.464
330.782
330.922
330.903
332.495
332.443
333.118
333.164
333.228
333.769
334.256
334.306
334.262
333.905
334.149
333.743
333.515
332.866
332.668
332.657
332.801
331.23
331.06
330.92
330.844
331.155
330.629
330.678
330.664
330.051
330.118
330.458
330.38
330.242
329.927
329.204
329.076
328.543
328.561
328.526
327.417
327.129
327.296
327.141
326.229
326.228
326.216
325.918
325.966
325.96
325.807
325.865
325.681
325.267
325.862
325.85
325.713
325.131
325.393
326.091
325.968
325.995
325.093
325.092
324.704
324.771
323.702
323.668
323.674
323.198
323.619
323.714
323.812
324.285
324.559
324.783
325.197
325.971
326.339
326.66
327.036
327.479
327.771
328.093
328.406
328.565
329.325
327.859
327.92
328.258
328.475
328.504
326.597
326.644
326.815
327.096
326.793
326.748
326.809
326.38
327.347
327.158
326.6
326.685
327.714
327.852
327.98
328.251
328.189
328.44
328.076
328.01
328.142
328.682
328.804
328.863
329.021
329.901
330.098
329.81
329.329
328.946
329.945
329.827
330.231
330.087
331.067
331.153
330.933
331.439
331.188
331.4
331.283
331.066
330.919
331.276
331.146
330.261
330.016
329.635
329.447
330.339
330.227
329.901
328.75
327.567
326.874
327.158
326.874
326.706
326.207
326.25
327.796
327.782
326.188
326.562
326.822
326.03
325.672
325.97
325.618
325.666
325.56
325.652
325.203
324.856
324.397
323.813
323.936
323.09
323.476
323.282
323.106
322.654
322.128
322.046
321.784
321.151
317.649
317.734
318.126
318.298
318.035
316.514
316.281
316.271
316.2
316.079
315.402
315.468
315.773
315.972
316.245
316.712
314.907
314.985
315.077
315.895
315.719
315.003
315.097
315.359
315.277
315.304
315.544
316.583
317.282
318.506
318.826
318.821
318.055
318.118
318.53
318.784
320.429
319.839
319.917
321.384
321.861
322.128
321.838
321.902
322.049
322.083
322.47
322.715
322.994
322.966
323.23
323.839
323.676
323.842
323.441
324.07
325.635
325.788
325.973
326.179
328.155
328.365
328.556
328.697
328.052
329.197
329.319
329.292
329.303
329.225
329.553
329.053
328.972
328.606
328.463
327.84
328.358
328.01
327.815
327.642
327.946
325.396
325.272
325.459
325.581
325.689
325.896
325.652
325.47
325.309
325.282
325.582
326.365
326.361
326.226
325.811
325.755
326.184
326.031
325.834
325.658
325.442
325.787
324.699
324.902
324.551
324.38
324.385
324.144
324.205
324.221
324.273
324.586
324.529
324.513
324.281
323.888
323.765
323.707
323.105
324.638
324.844
324.832
325.036
325.956
326.267
326.519
326.793
326.992
325.07
325.273
325.784
325.649
325.107
324.907
324.631
325.923
326.073
326.215
326.27
326.172
329.265
329.439
329.419
329.264
329.225
329.21
329.533
329.524
329.509
329.307
329.259
329.245
329.323
329.546
330.017
330.241
330.435
329.194
329.367
283.763
283.895
284.141
285.202
285.503
285.694
285.626
285.63
285.373
285.793
285.063
285.016
285.144
285.217
285.686
285.704
284.529
284.498
284.685
285.272
285.379
284.955
285.102
285.183
285.372
285.644
285.76
285.057
285.097
286.956
287.454
287.28
287.363
287.619
287.811
288.365
288.479
288.649
288.483
288.599
288.838
289.272
289.371
289.372
288.943
288.995
289.329
289.129
289.112
288.872
288.994
288.948
289.116
288.999
288.981
286.792
286.574
286.475
287.451
287.378
333.911
333.814
333.652
333.516
333.262
333.416
331.763
331.708
332.405
332.307
333.315
333.125
332.968
333.03
331.967
331.899
332.896
332.911
332.804
332.567
332.365
332.624
332.092
331.995
331.62
331.381
331.143
331.958
331.34
331.059
330.857
330.945
331.015
331
330.823
330.421
330.156
329.916
330.024
328.347
327.17
326.807
326.662
326.672
326.986
327.082
327.126
327.439
327.464
326.137
326.003
326.097
326.328
326.16
326.034
327.847
327.861
328.067
328.21
327.915
327.253
327.188
327.464
327.623
328.018
327.74
329.23
329.284
329.386
329.548
329.525
329.711
329.624
327.922
328.847
327.933
328.21
327.677
327.498
327.753
326.684
326.955
327.232
327.272
327.475
327.587
327.702
327.982
328.22
328.26
328.389
328.701
328.973
329.206
329.503
329.847
330.243
330.413
330.697
331.911
332.762
332.819
332.764
332.586
333.007
331.512
331.406
330.49
330.533
332.336
331.95
331.946
331.821
331.983
331.844
332.439
330.804
330.543
330.552
330.953
331.927
331.546
331.243
331.034
330.553
330.78
330.807
329.296
329.089
328.893
328.695
328.588
328.177
329.855
329.981
330.906
331.058
331.466
330.941
330.931
332.158
331.777
331.742
331.062
330.736
330.656
330.25
329.978
329.989
330.106
330.038
328.419
328.266
328.459
327.812
327.712
327.657
327.575
327.516
327.635
327.788
326.836
326.835
326.801
326.642
326.514
326.266
326.767
326.551
326.207
326.131
325.837
325.448
325.35
325.119
324.823
326.286
326.411
326.032
325.799
325.571
325.592
324.787
324.576
324.401
324.098
323.665
324.263
324.203
324.073
324.314
323.889
324.198
322.953
322.594
322.521
322.022
322.068
322.498
322.045
321.02
320.949
320.857
321.163
321.041
321.013
320.94
320.611
320.186
319.865
319.412
320.452
319.638
319.438
319.803
319.646
318.746
318.494
317.996
318.048
317.63
318.581
317.58
317.279
317.288
318.55
318.406
318.463
318.142
317.595
318.007
318.013
318.234
318.219
318.215
318.543
318.247
317.671
317.715
316.868
316.997
317.12
317.694
317.725
317.461
317.641
318.279
318.992
319.147
319.293
318.809
319.377
319.532
320.717
320.964
321.046
320.382
320.706
321.253
321.877
322.602
320.311
319.524
319.852
320.287
320.545
320.483
320.923
321.573
321.903
322.488
321.512
319.662
314.406
