60
65.4402
88.8011
108.895
126.5
141.904
155.84
167.812
178.342
187.912
196.447
204.162
211.386
218.312
224.656
230.006
235.04
240.02
244.562
247.494
251.224
254.656
258.003
261.504
264.505
267.59
270.394
271.322
273.866
276.177
278.517
280.466
282.762
284.774
286.955
289.067
291.068
292.72
294.494
296.165
297.547
298.819
300.31
299.723
300.992
301.408
302.32
303.15
304.329
305.196
306.169
306.874
307.612
308.401
309.49
310.49
311.296
311.281
311.988
312.681
337.01
359.249
360.226
360.795
360.663
360.572
360.297
359.995
360.313
360.271
360.576
360.785
360.8
360.662
360.313
360.326
360.228
359.838
359.879
360.914
360.998
361.131
361.372
361.009
360.758
360.321
359.911
360.863
360.717
360.312
359.969
359.899
359.596
359.408
359.068
356.607
355.506
355.246
355.013
354.678
353.028
352.972
352.21
354.134
353.924
354.74
355.217
355.748
354.84
354.864
354.973
355.396
355.782
355.085
353.565
353.227
353.384
354.678
355.181
355.635
354.021
354.542
354.697
354.814
355.395
355.909
354.053
354.822
355.041
355.539
355.359
355.501
354.861
355.155
355.29
355.647
356.2
356.67
354.698
354.473
354.872
355.306
355.58
356.238
353.87
354.32
355
355.734
356.067
356.923
355.009
355.561
355.786
356.067
356.31
358.69
358.058
358.667
359.027
359.361
361.476
362.027
360.366
360.773
361.072
361.349
361.359
361.14
359.803
360.275
360.458
360.609
360.748
361.471
358.86
359.261
359.264
359.151
358.922
358.842
361.222
361.444
361.573
361.634
361.598
361.266
361.809
361.556
361.516
361.173
358.969
359.171
359.438
359.306
359.742
359.692
359.67
359.718
360.67
360.959
360.809
360.462
360.117
359.566
360.557
360.531
360.44
360.282
359.979
359.281
360.387
360.288
360.357
360.23
360.283
360.198
360.435
359.923
359.228
359.221
359.136
359.022
359.459
359.135
359.183
358.937
358.79
359.028
360.323
360.182
360.209
359.985
359.934
360.322
362.233
362.16
362.169
362.137
362.18
362.273
358.307
358.029
358.256
358.309
358.477
358.389
357.45
357.134
357.139
357.313
359.714
359.327
359.882
359.997
359.44
358.994
358.834
356.958
357.486
357.622
357.721
357.966
357.914
357.971
357.679
357.554
357.255
357.035
356.933
357.5
357.533
357.633
357.62
357.505
357.482
357.395
358.107
358.492
358.925
358.453
358.341
356.743
358.192
357.464
357.198
357.204
357.176
356.629
357.178
357.112
356.966
357.178
356.94
355.971
358.08
357.961
356.68
356.35
354.921
354.115
357.628
357.56
357.319
357.263
356.808
354.801
357.297
357.731
357.239
357.201
357.217
355.636
354.439
354.403
354.619
355.224
355.31
356.081
356.686
356.61
356.473
356.428
356.665
354.64
356.04
356.177
356.452
356.689
357.12
355.998
357.282
357.389
357.655
358.103
358.316
356.644
357.447
356.918
356.793
357.43
357.558
358.668
359.433
360.33
360.634
360.625
360.452
360.987
361.288
361.499
361.775
361.787
362.067
363.253
362.602
362.773
364.246
364.72
366.136
367.051
365.844
366.014
366.041
366.178
366.632
369.269
369.121
369.217
369.882
369.99
369.768
371.824
373.118
372.767
372.931
372.907
372.869
374.063
374.13
373.521
373.652
373.541
373.424
375.919
376.889
376.356
376.433
376.265
376.099
377.003
376.958
376.864
376.717
374.058
373
374.151
374.151
374.211
374.52
374.374
374.357
374.771
374.633
374.512
374.544
374.612
374.959
374.783
374.936
374.849
373.352
373.146
370.889
370.688
371.166
371.046
370.318
369.154
368.855
368.67
369.854
369.761
369.155
368.887
368.698
368.527
368.989
368.998
365.891
364.937
364.925
364.624
364.566
364.551
364.321
363.342
363.194
363.157
363.154
363.571
363.042
362.802
362.763
362.618
362.401
362.96
362.337
361.815
361.709
361.737
361.78
361.461
360.114
362.331
363.356
364.373
364.411
365.102
362.93
363.187
363.371
363.7
363.171
363.435
362.911
361.879
362.07
362.4
362.525
362.423
363.319
363.302
365.518
365.748
366.102
366.24
366.892
368.025
368.432
368.098
368.109
368.305
368.96
368.49
368.626
368.548
368.512
368.324
371.254
372.398
371.688
371.678
370.999
371.519
371.71
372.019
372.039
372.18
371.87
372.032
372.594
373.195
371.468
371.914
372.039
372.243
373.125
374.074
372.334
371.848
372.17
372.66
374.43
374.707
374.09
374.124
374.105
373.863
376.471
376.295
376.202
375.049
375.545
375.455
376.232
377.601
377.606
374.867
374.863
375.158
375.369
375.498
375.49
373.755
373.73
373.68
373.684
373.577
373.595
372.074
372.111
370.559
370.481
371.093
370.868
370.024
369.803
369.602
369.53
369.132
369.858
368.757
369.493
369.31
369.373
369.846
369.879
367.124
367.437
367.477
367.426
366.759
368.755
366.028
365.961
365.716
365.245
364.864
366.784
367.129
366.871
366.669
366.115
365.974
366.173
363.767
363.794
363.795
360.929
360.892
360.743
360.969
361.114
360.92
360.446
360.442
360.233
359.349
359.126
358.839
358.752
358.7
358.485
359.956
359.907
359.977
360.033
360.129
359.973
360.3
360.374
361.771
361.907
361.799
361.909
360.861
360.052
360.363
360.269
360.622
360.829
361.262
361.221
361.069
361.02
361.262
361.284
362.857
362.378
361.931
361.973
362.299
362.149
364.488
364.284
364.455
364.846
365.051
365.108
365.346
362.654
362.603
362.577
362.443
361.04
362.237
361.972
361.906
364.492
364.419
364.332
364.801
364.485
364.489
364.852
364.998
365.083
368.57
368.069
368.248
368.672
367.614
367.83
367.615
367.025
366.991
366.795
366.698
366.279
367.854
366.68
366.092
365.842
365.556
365.251
367.067
366.301
366.095
366.177
366.006
365.958
366.683
364.469
364.581
364.477
364.341
364.637
364.733
362.879
363.137
363.072
363.186
363.358
363.389
361.527
361.335
361.198
361.246
360.973
361.108
362.729
362.744
362.742
362.84
362.763
363.705
362.859
363.11
363.21
363.459
363.863
364.192
363.824
363.892
363.896
363.664
363.735
363.656
364.431
364.284
364.075
365.292
365.212
365.489
366.188
363.926
364.373
364.47
365.126
365.155
366.435
364.849
365.147
365.796
366.142
364.986
366.592
365.858
365.978
365.799
365.873
365.777
367.998
365.06
365.242
365.273
365.119
365.713
367.974
366.123
366.048
366.096
365.431
365.284
367.497
365.863
365.659
365.341
364.41
364.213
365.046
364.231
364.166
363.936
365.293
365.187
366.106
365.279
364.866
364.354
363.939
363.571
364.025
362.912
362.665
362.345
362.063
361.952
361.597
361.086
361.118
361.001
360.751
360.386
360.218
360.504
359.914
359.687
359.111
358.692
358.255
359.629
358.212
357.894
357.859
358.964
358.897
359.129
359.05
359.159
359.2
359.464
359.788
360.229
360.438
360.552
360.529
360.747
360.909
360.624
360.779
360.834
361.396
361.54
361.289
360.817
360.953
361.049
361.848
361.725
360.75
361.127
361.024
361.34
361.645
360.652
360.829
360.665
360.919
361.352
361.294
361.419
361.504
360.383
360.386
360.551
360.078
358.68
358.851
358.254
358.079
358.016
357.848
357.139
357.248
359.177
359.502
359.738
359.946
360.313
360.268
360.502
361.79
361.606
361.589
361.536
361.551
361.03
361.101
360.869
360.872
360.743
360.483
361.984
361.317
360.828
360.534
360.408
359.998
359.667
359.229
358.848
358.376
358.206
358.308
360.295
360.035
360.006
360.031
359.905
360.429
360.312
360.307
359.857
359.344
360.205
359.864
359.033
358.974
358.767
358.77
356.983
356.739
358.352
358.387
358.361
358.46
359.363
357.821
358.877
358.967
359.096
359.31
359.475
359.318
359.415
359.148
359.019
359.082
359.001
359.58
359.05
359.09
359.102
356.84
356.964
357.058
357.795
357.735
357.837
357.693
357.696
357.413
357.851
358.121
358.238
357.391
355.965
354.647
354.808
355.018
354.879
354.803
354.897
354.151
354.266
354.051
354.136
354.251
353.148
352.781
351.729
351.4
351.617
350.324
349.972
350.192
351.674
351.608
351.854
352.002
353.145
353.063
353.681
353.867
354.166
354.579
354.407
355.767
355.558
355.491
355.237
355.356
355.357
354.8
354.602
354.862
354.944
355.071
354.991
354.307
355.236
355.174
355.424
357.556
357.652
355.37
355.575
355.505
355.586
355.302
355.097
354.557
354.791
354.756
355.028
355.837
357.311
356.345
358.369
358.39
358.301
358.613
358.587
359.322
359.317
359.456
359.263
359.153
360.468
359.003
360.37
360.605
360.466
362.056
362.507
361.833
361.496
361.495
361.042
360.745
360.96
360.62
360.35
360.182
359.823
359.838
359.948
359.961
360.148
360.183
360.174
359.998
360.73
359.546
359.517
359.413
359.104
359.008
358.585
358.725
358.44
358.165
357.818
357.797
357.406
359.633
359.506
359.317
358.904
358.837
358.403
358.587
358.67
358.668
358.561
358.6
358.637
361.012
361.026
360.942
361.149
361.072
361.107
361.239
361.168
361.534
361.793
362.181
362.467
363.48
363.668
364.209
364.346
364.439
364.671
364.725
365.106
365.4
365.627
365.941
366.566
367.457
367.398
367.585
367.041
366.576
367.341
367.827
367.654
368.032
368.437
368.732
368.882
370.925
370.607
370.838
371.261
371.716
372.505
373.176
373.761
373.969
374.39
374.52
375.18
375.709
376.359
375.702
376.381
375.653
376.77
377.968
378.576
378.973
379.473
379.943
380.349
380.811
381.382
381.631
379.389
379.54
379.603
379.451
379.766
379.773
377.216
376.941
377.154
378.947
379.157
379.378
379.084
379.345
379.564
380.371
380.387
380.394
380.693
380.408
380.312
380.433
380.83
381.161
381.856
378.127
377.725
377.721
378.311
378.127
376.774
376.599
376.646
376.437
377.037
377.02
377.192
374.568
374.527
374.412
374.324
374.651
374.503
372.265
372.101
371.793
371.545
372.473
371.572
372.11
371.824
371.73
371.474
371.162
370.707
370.431
370.585
370.79
370.868
371.243
374.15
374.792
374.766
375.285
375.261
375.49
378.25
378.665
378.678
376.468
375.725
375.09
375.606
375.914
376.095
373.776
374.286
374.516
374.656
375.27
375.722
375.198
375.557
375.628
376.05
380.865
381.509
382.026
379.751
380.143
381.706
382.467
382.708
383.255
383.317
382.949
382.694
385.538
385.449
385.831
386.115
383.729
383.604
386.672
387.109
387.431
387.725
387.533
388.686
389.775
389.61
389.885
390.25
390.81
389.737
390.203
390.096
390.096
390.113
390.146
390.115
389.002
389.601
389.961
390.217
390.236
390.594
389.864
389.073
391.694
392.894
393.915
394.627
394.631
393.938
396.605
395.749
395.686
395.622
394.92
394.494
392.521
392.106
391.866
391.602
391.551
391.481
390.663
393.431
393.468
393.67
393.283
393.276
393.555
393.83
394.551
395.095
394.957
394.91
394.758
394.358
396.557
397.093
396.905
396.929
396.901
397.171
395.695
395.748
395.816
396.25
396.292
396.277
396.542
398.303
398.585
398.738
399.173
399.698
400.067
400.425
400.837
400.822
400.119
400.334
400.547
400.345
401.684
402.544
402.324
402.639
402.286
402.184
402.571
403.36
403.192
404.143
404.449
404.724
405.529
405.936
408.066
408.168
407.754
407.952
407.753
407.77
408.222
407.242
407.118
406.982
407.196
407.225
407.141
406.991
407.136
407.108
407.23
407.779
407.725
407.9
407.698
407.79
407.64
407.161
407.066
406.788
408.644
405.69
405.441
405.498
405.125
404.891
404.169
403.193
402.849
402.591
402.074
401.206
400.804
400.361
400.846
400.737
401.193
400.315
398.271
398.191
397.349
397.404
397.519
397.123
397.254
397.053
396.916
394.216
394.7
394.306
393.735
393.303
393.167
391.524
391.884
390.3
390.138
390.096
389.998
390.177
389.734
390.586
389.962
389.738
389.902
389.558
386.893
386.878
386.508
386.547
386.569
386.445
386.377
386.11
386.549
386.514
386.428
386.852
386.735
383.879
383.888
386.445
386.61
386.594
386.657
386.372
386.487
387.148
386.885
386.934
386.858
386.759
386.23
386.047
386.006
385.897
385.824
386.142
387.311
387.438
387.943
387.925
387.889
387.761
387.469
386.295
386.085
388.235
388.104
387.999
387.933
387.627
387.677
389.214
389.495
391.291
391.815
392.232
390.365
390.222
390.797
390.632
388.659
388.982
386.115
386.523
388.924
388.792
389.008
389.251
388.875
388.833
388.941
389.253
389.063
389.238
389.414
388.333
388.362
391.483
391.613
391.828
391.866
392.181
391.169
391.334
391.716
392.005
392.506
392.769
393.202
393.829
394.449
394.907
394.9
395.088
395.251
395.55
396.112
396.418
396.665
396.883
397.329
397.622
397.925
397.97
397.976
398.276
398.356
398.671
398.746
398.93
398.988
398.908
398.744
397.15
397.385
397.101
398.217
398.441
398.434
398.52
401.331
401.286
403.703
403.498
403.505
403.897
404.175
404.545
405.404
405.419
405.206
405.59
406.487
406.314
406.654
407.012
405.742
406.099
406.896
407.328
407.654
407.874
409.389
409.468
409.889
410.109
410.444
410.546
410.488
410.606
410.243
410.157
410.386
410.782
411.247
411.541
412.182
411.389
411.168
411.397
411.092
411.081
411.484
413.064
412.903
413.494
414.055
414.437
415.393
416.115
416.389
416.634
416.664
418.512
418.641
418.676
420.109
420.123
420.32
420.292
420.174
419.92
420.617
420.787
421.196
419.724
419.37
418.563
418.102
418.005
418.208
418.12
415.096
415.045
414.716
415.57
416.658
416.138
414.719
414.48
414.332
413.486
413.125
413.516
412.755
410.826
410.11
409.865
409.734
409.22
409.049
408.808
408.819
408.177
407.685
407.444
406.966
407.388
406.818
406.427
406.336
405.855
405.394
405.095
404.729
395.201
385.894
383.355
382.385
379.514
379.269
379.352
379.699
379.815
377.874
375.628
375.376
375.414
374.904
374.42
374.238
373.597
373.214
372.416
371.785
372.303
372.109
371.604
371.739
371.547
371.198
370.425
372.081
371.974
370.757
370.501
370.762
368.76
369.31
368.777
365.928
365.885
365.233
364.518
364.273
365.018
362.658
362.284
361.813
361.607
361.382
360.97
358.842
358.69
357.093
356.614
356.353
355.912
354.896
354.465
354.123
354.394
354.065
353.841
352.051
358.656
365.471
367.036
366.878
369.113
367.669
367.219
366.892
366.327
367.496
369.141
368.629
368.319
368.226
368.37
368.441
368.803
368.976
369.736
369.952
369.888
369.738
370.106
369.693
369.414
369.798
370.486
370.883
371.097
372.206
370.659
370.797
372.808
372.904
373.016
375.631
375.456
375.632
376.265
376.511
376.897
379.557
379.593
380.008
379.514
380.015
380.095
382.178
382.351
382.46
380.338
380.431
380.804
382.21
382.239
382.776
382.236
382.878
383.148
385.73
386.222
386.652
387.204
386.005
386.477
388.134
388.469
388.462
389.121
389.697
389.932
390.745
391.022
391.062
391.292
391.423
391.102
391.331
391.19
391.435
391.981
392.255
392.463
391.691
392.037
391.514
391.644
391.705
391.718
391.48
392.917
391.918
391.982
391.959
392.15
392.391
390.715
390.496
390.429
390.902
391.159
389.88
389.358
387.384
388.676
388.467
389.333
389.583
389.834
388.675
391.627
392.019
392.093
392.406
392.812
389.126
389.518
389.274
389.23
389.363
389.573
389.252
388.951
390.831
390.409
390.257
390.08
390.065
388.107
387.625
387.947
387.412
387.303
387.387
386.668
386.712
387.349
387.254
387.251
386.84
386.578
385.466
385.326
386.205
386.123
385.701
385.416
384.779
384.736
385.145
385.627
386.493
386.211
386.21
385.161
385.254
387.44
388.258
388.261
387.949
385.21
386.483
387.42
389.474
389.036
389.185
388.837
387.658
387.419
390.058
389.57
388.753
388.688
388.06
387.502
391.021
390.923
390.766
390.364
390.179
387.186
388.185
388.461
388.847
389.104
389.481
389.078
389.643
391.841
392.465
392.654
392.977
393
392.591
393.515
393.681
394.014
394.294
394.759
395.297
395.44
396.749
396.71
396.973
397.432
398.67
398.912
397.266
395.761
394.923
392.615
392.393
392.638
391.215
392.423
392.416
392.584
392.637
392.636
392.682
394.809
394.845
394.763
394.885
394.913
395.16
394.561
395.868
396.012
396.56
397.067
397.69
397.82
395.963
396.365
396.136
396.306
396.284
396.646
396.025
398.802
398.31
398.178
397.692
397.521
396.883
394.394
393.534
392.841
392.209
391.747
391.767
388.774
389.426
389.07
388.776
388.31
388.044
387.763
387.334
387.428
387.184
387.103
387.259
387.146
385.008
384.949
387.057
388.628
389.389
391.558
391.262
391.112
392.477
392.355
392.292
392.13
391.758
390.959
390.977
391.692
391.923
391.892
391.93
392.059
390.725
391.279
391.278
391.198
389.498
389.281
388.517
388.461
390.582
390.807
390.881
390.814
390.929
389.692
390.236
390.574
390.84
390.973
391.313
391.571
391.602
394.49
394.821
394.987
395.401
395.758
395.068
398.28
398.445
398.948
399.432
399.879
400.026
399.542
399.862
400.227
400.449
400.746
400.466
400.442
400.566
400.561
400.704
400.689
400.527
400.56
400.606
400.493
400.772
401.018
400.589
400.645
400.884
398.049
396.924
396.747
396.508
396.353
396.011
394.992
396.219
396.247
396.219
396.384
397.878
397.49
395.466
395.34
395.545
395.505
395.37
395.361
394.05
394.423
394.126
393.715
393.505
393.125
392.688
391.547
391.842
391.619
391.632
391.619
390.393
388.144
388.553
388.325
387.769
387.32
386.827
383.499
383.085
383.032
382.964
382.528
382.408
381.651
381.433
381.284
382.581
382.159
381.846
381.835
381.981
381.68
381.718
381.379
381.048
380.57
379.347
379.126
378.964
382.252
383.29
383.138
383.158
383.055
383.054
383.836
383.657
383.352
382.678
380.615
380.197
380.272
382.391
382.335
381.874
380.961
380.482
380.245
381.315
381.941
381.818
379.71
379.61
379.367
378.021
378.633
378.289
378.08
376.584
376.44
377.453
379.43
379.596
379.523
378.556
378.941
379.21
382.495
382.774
383.257
383.461
382.973
383.462
384.437
384.63
384.877
385.501
385.749
385.719
385.446
385.448
386.111
386.508
386.866
386.322
386.843
388.841
389.163
389.255
389.471
389.672
387.48
387.494
388.036
388.515
387.98
388.24
388.589
388.872
391.21
391.72
392.019
392.444
392.618
392.318
393.313
393.852
393.805
393.905
394.031
394.412
396.344
396.621
396.872
398.575
398.887
399.413
400.297
402.037
402.225
402.119
402.431
402.817
403.096
404.835
405.021
404.588
403.943
403.952
404.171
404.037
404.084
403.535
403.152
403.449
403.243
403.067
403.287
402.436
402.706
402.502
402.285
402.392
402.691
403.345
403.143
402.614
402.601
402.73
402.47
402.304
404.365
404.333
403.695
403.281
403.769
403.278
402.856
401.704
401.141
400.847
400.759
400.941
400.654
400.557
400.464
398.584
399.062
398.939
398.422
398.214
398.333
398.145
398.353
398.22
397.709
397.188
396.122
395.976
396.118
396.623
395.235
395.168
395.007
394.644
394.261
394.633
394.939
395.01
394.583
394.173
394.885
395.106
395.29
394.881
394.895
394.928
392.653
393.762
392.685
392.635
392.226
392.134
390.826
390.723
390.444
390.323
390.158
389.952
389.952
389.168
389.622
389.85
390.272
390.061
390.338
391.01
391.463
393.008
393.455
393.875
394.101
394.216
394.884
395.016
395.346
397.368
397.168
397.563
398.439
398.327
398.833
399.081
399.318
399.617
400.255
399.595
397.241
397.47
397.552
397.879
399.668
397.829
397.701
397.8
397.643
397.714
397.51
397.153
397.265
394.026
394.235
394.563
394.727
395.151
394.32
393.725
395.891
395.948
397.068
397.53
396.973
397.119
396.328
396.634
397.075
397.439
396.34
396.537
395.777
396.918
396.903
395.467
394.419
387
385.014
384.194
383.524
383.182
382.958
381.015
379.901
379.531
379.255
379.954
380.071
380.428
380.27
380.43
380.073
379.322
379.459
379.487
379.77
377.73
377.569
378.379
381.158
381.086
380.98
380.574
379.939
381.378
381.472
381.599
381.671
381.424
379.017
379.361
379.473
382.769
382.423
382.113
381.861
379.537
380.195
380.092
379.899
379.412
379.019
377.103
377.605
377.204
378.812
378.322
377.797
376.257
376.99
376.673
376.809
376.337
376.24
376.463
376.639
382.964
384.241
384.385
384.167
383.485
383.068
384.43
383.835
383.081
382.495
381.519
380.691
379.824
379.626
378.576
373.827
367.882
366.531
365.433
364.176
365.613
364.314
364.425
363.918
362.442
362.147
361.865
360.694
360.474
359.988
359.33
359.114
358.72
358.655
357.391
356.781
356.253
355.709
355.263
354.851
356.192
355.433
355.636
355.329
355.308
352.917
353.537
353.491
353.467
353.014
353.131
351.178
351.824
351.822
351.683
351.842
351.577
350.538
350.989
350.882
351.285
351.106
351.187
351
351.365
351.456
351.436
352.308
353.06
351.312
351.559
351.257
351.283
350.781
351.097
353.917
359.379
359.814
359.886
360.307
360.007
360.714
360.276
360.353
361.397
361.081
360.872
361.252
361.077
361.011
360.7
360.648
360.408
360.543
360.124
360.841
361.096
361.365
362.006
360.314
360.314
360.837
360.372
360.69
360.932
361.669
362.235
362.078
361.764
361.844
361.231
362.409
362.364
362.095
362.203
362.045
361.769
360.684
360.406
360.754
360.543
360.845
360.567
359.691
359.698
359.948
360.199
360.589
360.631
362.458
362.614
363.226
363.383
364.574
364.612
366.061
366.974
364.363
365.103
365.446
366.098
365.464
364.509
364.646
364.883
365.216
365.037
365.586
362.95
363.229
364.107
364.37
365.074
367.108
368.543
368.232
367.333
367.528
366.951
368.827
368.436
368.311
368.644
368.321
368.069
369.504
368.348
368.332
368.811
368.758
369.377
368.426
368.277
368.492
368.5
368.785
369.478
371.411
371.775
372.039
372.521
372.598
372.923
374.324
374.355
371.758
371.547
371.497
371.102
371.352
371.711
369.524
369.772
369.435
369.661
369.879
370.233
373.42
373.379
373.488
373.357
374.652
376.055
376.162
375.96
376.12
376.378
376.513
378.788
378.931
378.691
378.729
378.503
378.868
378.935
378.828
380.061
377.635
377.663
377.522
378.054
378.157
378.127
375.385
375.024
375.035
376.092
375.996
375.827
376.284
376.216
378.335
378.822
378.858
379.044
378.755
377.244
375.579
375.342
375.205
374.936
374.72
374.639
373.879
373.993
376.337
376.017
375.445
375.453
375.422
375.186
377.462
377.21
376.91
376.591
376.331
375.965
375.722
375.736
375.35
374.974
374.554
374.84
374.92
375.351
375.478
375.811
375.878
376.876
376.915
377.145
377.212
377.471
377.773
377.843
377.783
377.79
380.4
380.444
380.464
380.394
380.942
381.368
384.748
385.64
386.246
386.514
386.862
387.077
386.971
387.106
387.368
385.65
385.065
384.756
385.201
386.55
388.51
388.942
389.351
390.131
390.772
391.249
392.382
392.774
393.109
393.495
393.895
394.37
394.509
390.406
390.46
389.439
389.832
390.222
390.414
390.914
391.679
392.123
390.029
390.567
391.021
390.595
390.953
390.798
389.917
389.933
390.083
389.848
389.721
389.488
389.524
388.113
387.576
387.413
387.496
387.101
386.784
386.336
386.276
386.693
386.081
386.253
385.968
385.86
386.018
385.982
386.104
385.921
386.085
386.13
385.307
386.464
387.179
387.5
387.594
387.712
387.88
387.134
386.722
386.441
386.195
386.071
385.932
385.311
385.354
385.351
385.819
385.6
385.85
387.993
387.872
389.282
388.997
389.194
388.566
387.827
384.931
384.518
386.879
386.719
386.568
386.264
385.437
385.499
386.151
386.02
385.763
385.773
385.857
385.518
385.463
386.635
386.839
385.887
386.043
382.225
382.155
382.745
382.396
382.541
383.166
382.526
382.759
382.566
382.33
382.076
381.83
381.269
381.06
380.881
380.221
379.484
378.761
378.466
378.275
378.252
378.008
378.628
378.722
378.273
375.713
375.538
375.359
375.642
375.605
375.466
374.734
374.652
374.297
376.171
376.284
376.162
375.895
375.778
376.161
376.341
378.665
378.649
378.506
376.51
376.723
377.03
377.37
377.093
377.037
372.711
369.891
369.963
369.704
370.042
369.987
368.197
368.084
369.052
369.078
372.979
372.842
372.527
372.937
372.817
372.07
372.394
372.358
370.194
370.329
370.621
370.885
371.379
371.678
370.986
372.298
373.792
374.661
374.863
370.967
370.399
370.683
370.82
371.139
371.63
374.516
374.868
374.393
374.649
374.737
375.094
375.782
375.943
376.135
376.353
376.505
376.376
376.382
374.905
374.946
374.129
374.318
374.3
374.527
376.604
376.244
375.458
375.534
375.811
375.883
380.262
383.526
383.226
381.854
381.996
381.676
383.817
384.016
384.363
383.861
384.138
383.178
383.663
384.125
384.285
384.984
385.218
385.368
387.964
387.948
388.139
388.182
388.367
388.289
389.517
389.649
389.677
389.744
390.014
394.188
393.993
393.904
393.839
393.648
393.8
393.608
390.795
391.666
391.546
391.556
391.757
391.445
389.611
389.494
388.732
387.899
386.889
385.411
380.64
380.507
381.648
382.053
382.65
380.813
380.983
380.045
381.506
381.949
382.074
381.802
381.502
381.639
381.732
383.922
384.249
385.079
385.411
385.094
385.158
386.379
386.92
389.337
389.937
390.316
390.63
390.823
391.281
391.477
391.812
391.919
388.63
386.281
386.545
386.989
386.995
387.296
387.747
387.632
385.83
386.489
387.387
386.878
387.238
387.669
384.864
385.184
388.222
388.559
388.73
388.819
388.716
389.227
391.401
391.637
392.506
393.5
394.978
396.787
403.944
404.37
404.488
404.413
404.289
403.881
401.01
402.345
402.069
401.913
401.993
402.958
403.505
403.621
404.336
404.19
404.121
403.608
403.158
403.353
403.057
401.755
401.196
400.368
399.134
398.966
398.034
397.801
397.589
397.468
396.645
396.7
400.028
402.226
402.35
401.937
401.722
400.107
399.578
398.897
400.489
400.223
400.558
401.483
399.902
399.48
401.137
401.183
400.628
400.613
400.074
399.966
399.927
399.375
399.04
398.547
398.247
397.903
397.565
395.15
394.737
394.294
393.64
392.161
391.615
392.961
395.456
395.416
394.95
394.52
393.906
393.345
393.002
392.675
392.325
392.137
392.213
392.162
391.951
391.294
388.819
389.062
388.909
388.777
388.363
387.824
388.072
387.626
387.425
387.357
387.636
387.355
385.872
386.105
386.011
386.075
385.995
386.299
386.185
386.915
387.027
386.939
386.598
385.997
386.435
386.295
386.763
386.145
385.791
384.779
384.596
384.15
384.185
384.383
384.306
384.85
385.186
384.892
385.138
387.896
388.061
388.688
389.233
390.756
390.208
390.531
390.325
390.367
390.597
390.938
390.645
390.507
390.45
390.204
390.105
389.861
389.61
389.325
389.486
389.969
390.819
390.466
389.952
388.988
389.447
389.42
389.182
389.353
386.869
385.786
385.532
385.223
386.435
386.448
386.076
383.207
383.116
383.795
383.787
383.557
383.419
381.769
381.685
382.056
381.616
379.772
380.331
377.991
378.123
378.744
378.894
379.15
378.968
378.298
378.286
378.07
377.529
377.951
377.755
377.581
376.821
376.432
376.137
375.636
376.077
376.567
376.24
375.558
375.541
375.239
375.766
375.994
376.512
375.357
375.369
375.437
375.358
375.581
375.608
375.055
376.532
376.815
377.256
378.198
378.721
378.872
378.78
377.378
377.883
378.915
379.352
379.699
377.034
377.075
377.096
380.019
380.174
379.988
379.515
379.421
379.527
381.24
381.058
380.87
381.867
382.16
381.177
383.79
384.044
384.166
384.386
383.375
383.486
384.182
384.426
384.278
384.576
383.831
383.695
383.683
384.505
384.572
384.697
384.822
382.498
382.415
380.643
380.55
379.788
379.83
379.594
379.364
378.961
380.207
380.061
380.286
379.764
379.998
380.162
380.977
380.865
381.221
381.186
379.97
379.591
379.674
379.885
381.586
383.304
382.742
382.459
382.501
385.44
385.457
385.716
385.553
384.327
384.506
384.369
384.651
384.677
384.552
384.137
384.528
384.575
386.503
387.4
387.535
387.671
385.348
384.228
385.415
385.657
385.745
385.28
384.345
384.45
385.4
386.036
386.523
386.465
386.881
385.219
385.488
388.338
389.021
391.905
393.134
393.979
393.702
394.372
394.776
395.207
395.772
396.181
396.056
396.404
396.43
396.505
396.438
396.712
396.776
396.201
397.644
398.405
398.668
399.232
399.167
399.598
400.013
400.386
400.797
401.291
401.674
402.004
402.672
404.585
405.316
406.889
407.254
407.883
408.248
409.52
409.774
409.615
410.14
411.017
411.505
411.783
415.029
416.931
414.862
415.226
415.847
416.646
418.516
418.662
418.507
415.954
415.842
416.279
416.104
418.692
419.143
419.764
418.625
418.637
418.674
418.857
419.821
420.034
420.486
418.214
418.354
418.304
417.152
418.138
418.536
418.268
419.062
419.591
420.065
421.593
421.923
422.715
423.4
421.457
422.286
422.37
423.184
423.764
424.324
424.707
422.331
422.812
422.831
423.133
423.292
423.413
423.696
421.4
422.157
422.973
423.577
425.008
425.609
422.816
422.264
422.807
423.39
424.035
427.181
427.558
427.891
428.545
428.107
428.793
429.814
432.959
431.715
431.914
432.242
431.793
432.112
430.495
432.444
433.497
434.423
435.522
436.357
436.096
436.723
440.285
441.251
442.448
444.974
445.522
446.053
446.928
447.09
447.81
448.703
449.211
450.426
450.533
449.297
451.788
452.635
452.812
453.549
454.033
454.315
454.812
458.573
458.227
458.84
459.321
459.639
460
460.445
464.006
464.338
464.111
464.249
464.709
465.008
468.999
470.431
470.793
470.51
469.933
469.909
470.027
470.287
470.483
472.161
472.732
473.086
472.831
475.325
476.45
477.404
478.888
479.4
482.045
482.026
479.694
479.902
480.151
480.29
481.495
481.437
481.263
481.01
480.082
480.545
480.752
481.258
481.088
481.275
481.147
481.067
479.862
479.769
480.021
481.77
482.777
482.488
483.555
483.745
481.389
481.731
481.777
481.922
482.68
481.145
481.48
481.849
481.996
482.746
482.865
480.752
481.05
481.232
481.262
480.897
477.946
477.876
477.829
478.351
479.385
479.871
480.287
480.374
480.588
475.526
475.26
474.961
476.044
476.148
475.5
474.671
474.622
474.712
474.815
475.257
477.416
477.389
477.256
476.569
476.677
477.102
477.678
478.22
479.05
479.174
479.471
479.521
479.922
480.511
480.643
480.946
482.321
479.952
479.775
479.888
476.898
477.084
477.165
477.055
479.553
479.206
479.142
479.08
479.401
480.906
480.84
480.858
481.008
480.918
481.197
484.132
483.85
483.667
483.685
484.006
487.426
487.616
486.551
486.598
485.726
485.785
485.865
485.911
486.054
491.306
491.589
491.997
491.783
491.777
492.135
493.132
493.254
492.712
493.015
492.845
493.046
490.95
491.087
492.227
492.783
492.437
492.103
490.81
491.321
488.175
488.064
488.203
488.664
488.754
488.822
488.364
487.25
488.991
489.615
490.028
493.666
493.579
493.412
493.743
494.355
494.624
493.435
493.423
492.916
493.676
493.28
493.119
493.309
493.572
490.19
489.452
489.896
490.17
489.95
489.754
489.604
489.925
491.447
491.644
492.98
493.196
493.362
493.981
494.34
494.844
494.746
495.249
495.327
495.608
495.892
495.872
495.971
494.725
494.717
494.204
494.626
497.177
497.638
498
498.431
499.573
500.438
502.402
500.646
504.056
503.971
504.016
504.368
504.544
504.973
505.716
504.408
505.452
505.501
506.1
506.571
507.668
506.526
506.938
506.754
507.955
509.704
510.021
510.937
510.756
511.339
511.466
509.863
507.94
511.315
511.492
511.824
512.125
512.526
512.727
512.599
512.611
511.589
511.486
511.242
511.298
511.236
510.874
509.54
509.841
508.662
508.562
508.577
509.128
509.515
509.541
509.99
512.123
511.057
512.134
511.593
511.507
511.287
510.458
509.964
509.18
508.733
507.648
509.664
509.821
510.299
509.934
509.713
509.71
507.257
506.866
509.488
509.677
509.339
508.859
508.54
508.224
510.033
509.665
505.907
505.265
505.168
505.527
505.505
505.302
505.518
505.664
506.169
507.636
508.018
508.219
508.421
508.318
508.714
506.355
506.691
506.812
506.472
506.718
506.951
507.235
507.47
507.871
509.358
507.627
509.144
509.164
509.508
509.308
509.171
509.565
509.529
509.617
508.744
508.655
509.178
509.392
509.495
510.257
510.423
510.065
509.374
509.698
509.628
509.377
509.073
509.38
509.739
509.854
512.807
510.141
510.508
510.687
511.356
511.315
511.146
510.907
511.042
511.207
513.705
513.877
514.575
514.524
514.48
515.082
515.424
515.93
517.128
517.275
517.489
517.461
517.822
518.481
518.144
520.581
520.294
520.353
521.449
521.535
521.474
521.389
520.663
520.287
519.903
521.116
520.556
520.869
521.117
521.241
521.211
521.479
521.998
522.509
525.016
521.32
521.651
522.163
521.777
522.634
522.924
524.013
525.406
526.664
523.706
524.387
524.83
525.644
526.225
526.852
524.048
522.883
518.862
516.065
515.752
516.532
517.517
517.795
517.791
518.429
519.128
518.962
518.683
518.777
519.607
519.736
520.081
520.481
521.415
520.762
521.512
521.769
521.754
519.686
505.041
505.129
505.213
506
507.323
508.036
508.476
508.906
510.016
510.886
511.571
511.704
512.607
513.028
513.457
513.775
514.839
515.073
514.988
515.103
514.977
515.05
514.697
514.086
514.689
513.811
513.471
512.818
512.479
509.669
511.923
511.575
511.896
511.423
510.972
510.575
513.005
515.566
518.128
520.833
520.863
520.41
520.06
520.025
519.955
519.052
520.163
519.387
519.444
517.13
516.693
517.375
516.893
516.958
516.619
517.956
517.308
517.46
517.486
519.367
535.775
536.324
536.905
536.243
536.085
535.448
535.954
535.771
535.147
534.916
534.759
535.457
535.186
534.552
530.417
529.934
529.032
528.786
528.034
525.383
525.918
529.758
528.705
528.882
528.979
529.181
529.01
529.249
529.352
531.374
532.517
530.097
529.755
530.028
530.584
529.577
529.893
531.736
533.581
533.362
531.396
531.469
531.305
530.201
530.089
530.46
530.378
531.323
531.49
533.131
532.799
531.58
531.298
530.637
530.603
530.357
530.521
530.39
529.84
529.822
529.554
529.659
529.74
530.002
529.651
530.173
529.836
528.869
528.891
528.229
528.004
527.172
527.537
527.71
531.445
531.963
531.236
531.295
531.907
534.205
533.713
533.77
534.512
534.603
534.648
534.725
534.645
535.036
535.248
535.584
535.625
538.496
538.686
538.904
534.386
535.69
535.415
535.765
535.409
535.768
537.887
538.147
538.052
537.984
538.115
538.108
537.885
537.927
537.796
538.718
538.934
538.774
539.581
540.191
540.178
540.761
541.321
541.447
539.982
539.049
537.935
537.959
538.519
538.895
539.363
539.656
539.857
540.835
541.439
542.172
538.721
539.469
539.617
539.121
539.088
538.553
539.707
539.603
539.533
537.684
537.834
537.75
538.462
538.601
538.695
538.466
539.299
538.92
539.027
539.169
539.017
539.101
537.88
535.405
539.513
539.25
538.568
538.473
538.948
539.004
538.146
537.747
538
539.497
539.543
539.237
539.416
539.136
539.427
539.402
540.305
541.6
541.946
540.852
540.937
539.307
539.146
539.68
526.83
519.945
521.376
520.076
519.535
518.999
519.298
519.548
520.065
520.799
521.256
521.837
526.166
523.343
523.697
524.401
524.901
526.061
526.045
526.859
527.721
530.333
529.478
529.882
530.244
530.55
530.984
531.86
532.492
533.419
534.017
534.334
530.545
524.931
526.993
530.187
530.542
531.3
532.257
532.509
532.791
532.35
532.959
533.784
533.831
534.31
534.884
535.846
536.503
537.5
531.513
532.188
531.838
531.725
531.216
532.489
532.906
534.49
534.8
530.6
546.225
555.279
554.978
557.108
557.88
558.608
558.477
557.886
556.568
555.844
554.24
553.904
553.34
556.715
556.408
556.979
556.843
556.419
556.567
555.91
554.879
553.904
554.318
553.775
553
552.126
551.568
550.147
548.778
547.545
546.262
545.764
549.776
555.681
554.635
553.794
553.569
552.796
552.675
552.11
551.521
551.738
551.564
550.669
550.572
549.762
547.507
546.816
546.116
545.423
551.145
550.036
549.399
548.538
547.821
546.828
546.273
545.68
544.827
547.875
546.983
546.513
544.415
543.228
539.364
538.244
536.797
536.328
536.835
536.739
537.15
535.54
534.937
534.828
534.259
533.407
533.224
532.597
532.141
532.144
531.563
531.705
532.21
532.29
532.555
532.347
531.771
532.102
532.425
529.346
528.996
526.597
526.331
526.486
526.178
525.709
525.654
524.947
525.301
525.445
525.432
525.547
525.639
525.911
525.668
526.065
526.311
525.757
525.854
526.022
526.531
527.026
527.477
527.583
528.021
528.695
527.929
525.583
526.074
527.02
527.323
527.566
529.142
529.613
532.574
533.471
534.47
534.84
534.767
534.996
535.492
536.657
536.728
535.364
536.116
536.55
536.716
536.824
537.067
537.022
538.015
538.023
537.689
537.193
537.144
537.677
538.306
538.24
538.34
541.746
542.263
545.388
546.141
545.983
546.671
547.244
545.989
546.978
546.858
547.26
547.757
544.344
544.818
545.376
545.787
545.796
547.274
547.425
547.338
547.184
543.506
543.246
540.156
539.758
539.468
538.851
539.988
542.274
541.934
540.347
539.651
539.132
538.895
538.14
538.124
537.54
537.447
533.844
533.409
533.282
532.811
532.38
532.103
533.169
532.657
532.168
531.018
530.96
530.87
530.983
530.893
530.888
531.613
532.758
533.096
532.792
533.333
534.151
529.675
530.465
531.448
531.591
531.729
532.3
529.253
529.414
530.943
530.688
530.068
529.813
529.4
532.728
532.45
531.473
531.39
531.384
529.077
529.349
529.44
529.511
532.831
532.5
534.377
534.93
535.179
535.678
535.47
535.898
536.193
537.471
538.3
537.841
538.515
539.419
539.437
539.498
539.441
542.921
542.892
542.643
542.711
543.158
544.166
544.189
544.282
544.148
545.724
546.757
546.773
545.41
544.95
545.195
545.394
545.211
545.243
545.514
543.452
539.055
540.31
540.351
540.239
540.298
539.787
539.533
542.577
542.142
542.395
539.178
539.91
540.641
540.088
540.014
540.441
540.443
540.17
540.114
539.114
539.98
540.819
541.375
542.019
542.743
544.072
544.095
544.103
540.752
540.721
540.705
540.307
540.709
540.472
541.123
540.753
540.402
540.593
541.259
541.546
542.023
542.404
542.334
543.343
543.598
543.259
542.008
542.16
542.366
541.478
539.766
539.63
540.587
541.015
539.947
538.196
538.193
537.899
538.066
538.749
542.744
546.205
544.849
544.07
542.604
542.228
541.973
541.483
539.93
539.776
537.078
536.207
534.829
534.427
534.318
533.884
534.216
534.031
533.827
537.14
536.363
534.477
532.887
531.877
531.648
530.963
530.424
530.051
532.91
532.725
531.973
531.622
531.218
531.005
530.96
530.46
530.292
530.12
529.506
528.659
523.96
521.15
520.682
518.84
518.222
516.825
517.583
516.363
516.006
515.762
513.373
513.513
513.565
513.412
514.04
512.588
512.019
511.733
511.381
512.182
511.971
511.576
512.232
509.938
505.181
505.004
505.25
504.716
506.149
505.892
511.034
511.333
512.015
511.822
512.23
512.486
512.383
512.48
512.35
512.448
512.831
510.643
511.529
511.871
511.796
511.923
512.449
511.596
511.48
511.322
511.38
511.599
511.128
510.412
510.048
510.135
510.147
510.335
509.455
507.504
511.714
513.988
514.233
515.192
515.432
516.568
517.071
514.369
514.618
514.907
517.457
514.304
514.141
514.45
514.471
513.064
513.014
513.148
513.261
512.961
512.768
512.929
512.733
515.128
519.698
519.813
519.337
520.063
519.783
519.55
519.443
518.845
517.613
518.282
517.264
516.632
516.592
516.484
516.558
516.259
515.999
518.739
518.369
518.185
518.421
519.008
518.795
520.105
520.83
521.678
521.924
522.286
522.471
521.419
521.906
522.526
522.81
522.861
524.288
527.01
526.593
526.918
527.171
527.263
525.772
525.938
525.444
529.05
525.728
522.956
523.377
525.86
525.249
524.122
524.166
527.644
526.937
526.819
526.706
525.787
525.594
524.894
525.031
524.798
525.506
524.05
523.682
523.442
522.699
522.892
523.156
523.92
525.086
525.32
522.534
522.764
522.743
522.729
522.42
522.329
522.158
521.815
518.534
518.614
518.443
517.773
517.994
517.88
517.425
516.947
514.689
514.057
514.496
516.508
516.366
515.837
515.851
515.435
514.757
514.384
514.17
514.093
514.155
514.351
515.721
515.502
515.987
516.384
519.306
521.338
521.613
521.922
522.541
523.068
522.954
523.91
525.525
525.551
523.989
525.081
525.422
526.412
526.077
525.992
526.363
528.247
527.648
527.526
528.401
528.396
527.83
526.234
526.076
526.384
529.994
529.427
527.025
526.275
525.36
525.31
525.658
526.115
529.494
529.344
528.031
527.97
527.171
527.382
527.357
526.155
528.27
528.45
526.842
525.937
525.336
525.655
525.166
524.892
524.775
522.455
522.769
521.107
519.759
519.065
518.554
518.016
517.456
517.087
517.204
516.557
516.187
515.372
515.161
515.025
514.784
513.743
511.982
510.095
510.345
509.636
509.7
508.583
508.978
509.218
509.165
509.243
508.368
508.375
508.175
508.152
508.766
510.275
510.637
510.484
510.227
510.426
513.138
514.234
515.831
516.475
516.686
517.517
518.324
518.271
514.913
514.739
514.528
514.574
514.888
515.731
516.072
515.598
516.005
516.738
517.477
517.331
517.659
518.29
518.537
515.555
515.12
516.191
517.463
518.104
518.79
519.43
519.728
518.295
518.661
519.61
519.943
520.781
520.996
521.58
521.708
521.718
522.722
524.62
525.277
525.791
525.332
526.835
526.777
526.68
524.204
523.756
525.576
523.908
520.186
518.728
518.23
515.253
514.269
513.818
513.639
509.271
508.935
508.667
507.199
506.868
506.688
506.342
505.803
502.5
506.564
506.95
506.836
505.608
504.638
504.605
502.447
499.038
500.302
498.233
498.214
498.38
498.711
498.771
498.298
502.032
501.773
501.577
500.328
500.443
499.962
500.044
500.15
501.927
498.75
498.961
499.157
499.74
499.825
499.759
499.849
500.45
499.192
494.988
493.45
489.197
489.257
486.182
486.044
481.853
482.665
482.608
482.559
484.139
487.002
488.029
488.14
490.164
489.303
489.357
489.411
493.36
492.557
492.161
492.421
492.121
490.728
490.349
487.973
491.272
491.27
490.774
491.117
491.606
491.943
491.981
494.496
498.854
498.683
500.904
500.954
500.401
500.515
500.081
499.508
497.014
496.831
496.684
497.191
496.352
496.179
495.389
495.035
494.592
497.109
497.251
496.535
495.692
496.153
494.021
491.068
490.877
492.077
496.681
498.661
502.785
503.375
506.077
506.121
509.611
511.307
511.972
511.251
511.415
512.297
512.016
511.405
510.853
511.056
511.234
511.354
511.709
512.421
512.67
510.017
508.499
506.346
506.044
507.15
507.021
506.946
506.799
506.357
506.246
504.64
503.59
502.18
500.855
499.761
498.444
497.3
495.339
493.91
493.429
493.039
495.585
495.222
494.866
494.885
491.042
490.364
489.707
488.742
487.723
486.982
485.864
485.2
484.93
483.967
483.518
485.574
484.714
484.07
483.217
482.27
480.515
479.605
478.997
478.463
478.879
477.995
476.942
475.35
474.482
472.801
472.417
471.975
471.805
472.084
469.397
466.244
465.561
465.161
464.675
467.381
468.852
471.27
471.428
469.853
469.627
469.167
469.205
467.131
465.669
465.466
465.691
465.425
465.795
466.03
466.879
467.479
468.671
468.789
469.044
466.72
467.353
468.159
468.988
466.713
467.903
467.919
467.682
466.421
467.206
467.676
464.171
461.633
461.654
460.56
462.461
462.809
463.034
463.374
463.373
463.902
465.312
464.848
464.818
463.845
463.262
460.816
460.844
462.17
462.375
459.863
459.427
459.58
460.004
460.43
462.951
465.781
466.044
465.226
465.634
464.972
464.15
463.777
463.497
465.476
465.285
463.386
463.167
465.291
466.686
467.923
468.207
468.641
468.442
465.188
464.657
464.33
464.398
464.334
463.811
466.795
466.472
465.487
463.69
466
468.416
468.751
469.683
471.55
471.317
471.007
473.365
471.864
471.422
472.422
472.033
471.971
468.789
468.468
468.42
468.245
468.036
468.397
468.511
469.195
468.533
470.85
470.516
470.299
469.775
473.021
472.969
473.264
472.219
471.608
470.783
470.47
469.928
470.54
469.962
470.291
469.983
470.102
470.03
470.339
469.83
472.098
471.922
471.934
470.278
470.148
469.896
469.678
469.661
473.01
472.912
472.989
469.784
469.826
469.468
469.155
468.95
469.288
470.25
469.057
468.389
468.221
467.905
467.962
462.808
462.936
463.377
467.618
467.662
467.598
467.654
467.637
470.458
470.383
470.132
470.142
469.882
470.01
469.698
469.783
470.61
470.409
470.96
470.39
470.74
470.252
470.687
470.521
471.216
471.03
471.289
470.775
470.779
470.191
470.487
469.801
470.004
469.625
468.802
468.631
467.884
467.478
467.285
466.881
467.688
467.576
466.304
465.686
464.08
463.927
463.653
463.165
465.801
465.232
465.036
465.141
465.341
465.113
465.161
465.857
465.367
464.547
464.421
464.061
468.739
468.569
469.169
469.054
469.26
465.689
465.105
463.786
463.188
462.719
462.37
462.024
460.789
460.11
459.763
459.378
459.197
459.3
458.864
458.182
458.148
458.048
457.682
457.406
457.234
456.867
456.143
456
455.612
455.612
454.97
455.024
454.603
454.562
454.621
453.927
455.084
454.717
454.859
454.953
455.201
451.874
452.121
452.766
453.871
453.567
453.55
453.393
453.604
453.537
453.074
452.549
452.078
451.755
451.625
451.478
451.927
451.867
451.514
451.336
451.413
450.831
450.654
450.203
449.837
449.921
450.074
450.63
450.813
450.519
450.402
450.02
450.097
449.902
449.858
449.64
449.29
448.752
448.227
449.36
443.932
444.103
443.781
443.795
443.415
443.519
443.805
444.209
444.357
442.652
442.532
442.407
442.401
442.289
441.885
441.883
441.154
440.977
440.656
440.312
440.132
442.325
442.766
442.24
442.074
441.845
441.508
441.238
440.968
441.211
441.696
441.585
441.441
441.653
441.333
441.027
439.924
439.82
439.867
439.628
439.339
439.631
439.344
439.124
437.075
439.751
439.654
439.185
439.369
439.803
439.714
439.224
440.158
440.408
440.676
440.902
441.426
441.566
441.022
440.495
445.147
443.801
444.391
444.562
445.182
445.255
444.887
444.704
444.583
446.272
446.34
445.76
445.515
444.849
445.063
444.828
444.808
445.04
444.516
444.195
443.655
443.294
441.804
440.629
440.314
440.117
439.408
439.012
438.842
438.461
437.908
437.804
437.352
436.925
436.465
436.31
436.739
436.759
436.38
436.263
436.017
435.706
435.509
435.353
436.954
436.815
436.571
436.981
436.497
435.364
435.183
435.243
434.561
434.297
433.484
432.863
430.619
430.189
430.152
430.274
430.396
431.086
430.494
426.996
426.577
426.319
426.367
425.998
425.795
425.604
424.899
424.819
424.743
425.09
425.143
425.296
425.154
423.077
423.307
423.244
423.237
423.308
424.301
425.14
422.014
421.687
421.926
421.99
421.784
421.453
420.01
419.534
419.605
419.341
419.606
419.619
419.502
419.101
418.926
418.828
418.512
418.385
418.542
418.36
417.946
417.247
416.93
416.462
416.293
416.586
416.324
416.065
415.003
413.593
413.47
413.409
414.322
412.515
412.066
411.895
411.363
411.289
411.104
413.596
413.366
413.543
413.317
413.162
413.198
412.82
413.078
413.192
411.035
410.881
410.678
410.373
410.214
411.671
411.512
411.989
412.212
412.673
412.462
412.554
415.612
415.788
414.864
414.921
415.145
415.174
416.709
417.062
416.805
416.726
416.605
415.57
415.677
416.217
416.177
416.089
416.761
416.814
416.695
417.246
417.483
417.727
417.839
415.492
415.688
415.68
415.743
415.83
416.675
417.688
417.958
418.154
418.373
420.422
421.574
421.486
421.99
421.127
420.121
420.138
420.147
419.948
419.666
419.554
419.674
419.932
419.969
419.591
421.726
421.337
420.68
418.404
418.243
417.178
417.09
416.496
416.37
415.641
415.449
415.145
414.92
414.562
415.544
415.425
412.857
412.988
412.81
412.7
412.67
412.818
412.787
413.318
413.401
413.304
413.375
413.426
412.891
412.671
409.898
409.625
409.725
409.669
409.483
411.792
411.984
411.491
411.642
411.84
412.057
412.225
412.025
411.925
411.887
411.73
411.385
411.35
410.769
411.368
412.585
411.95
411.801
411.894
412.136
412.17
411.362
410.485
410.321
410.759
410.693
411.08
411.732
414.099
414.459
414.833
414.964
415.149
415.219
415.701
415.606
415.17
415.288
415.536
415.53
415.914
418.501
418.599
419.033
418.581
419.069
419.015
419.238
419.146
419.123
419.316
419.296
419.164
417.351
416.059
418.901
418.769
418.319
418.131
418.219
417.235
417.076
417.732
417.494
416.967
416.95
416.868
416.911
417.113
417.638
417.58
417.097
417.398
417.589
417.983
418.165
419.001
418.97
418.167
418.293
418.522
419.445
420.708
420.989
420.921
421.468
421.103
420.339
420.467
420.226
421.143
421.069
421.053
421.34
421.474
422.177
422.047
421.958
422.158
422.319
422.056
421.844
421.915
422.028
422.507
422.532
423.031
420.381
421.38
421.765
421.97
422.567
422.771
424.872
425.147
425.455
425.568
426.349
426.758
426.948
427.746
427.019
427.097
427.122
427.924
428.384
428.74
429.123
428.276
428.503
428.894
429.463
429.741
430.154
430.394
430.533
430.105
430.524
431.437
432.048
432.589
429.91
429.844
426.782
426.832
426.582
427.012
427.871
428.028
428.214
427.861
427.785
427.955
427.726
427.636
427.44
428.449
427.181
427.253
426.751
426.857
427.26
427.34
426.94
424.24
424.21
423.992
426.712
426.461
426.279
425.997
425.487
425.732
425.926
427.111
427.381
427.897
427.575
427.017
427.245
427.874
428.459
426.96
427.131
427.104
426.014
426.031
426.207
427.351
427.518
427.443
427.485
427.77
426.613
426.274
426.225
427.143
427.367
427.741
427.764
426.669
429.274
429.152
432.356
432.527
432.756
432.864
433.011
432.456
432.275
432.907
433.41
433.431
433.724
433.898
433.22
433.029
434.519
434.565
435.37
435.745
435.52
433.933
434.114
437.339
437.535
438.403
438.608
438.656
438.314
438.553
439.053
439.149
438.956
439.193
438.897
438.819
436.044
437.009
437.163
437.39
437.739
439.578
439.883
438.777
439.873
440.014
440.081
440.184
440.285
440.607
440.088
439.949
441.437
442.121
442.105
441.885
441.553
441.346
438.122
439.521
439.819
440.156
440.767
441.186
441.551
441.41
441.896
442.793
443.714
443.581
442.782
442.82
443.525
441.471
443.106
443.98
444.851
445.595
445.782
446.424
447.449
449.577
450.86
451.533
452.257
451.91
449.604
450.05
450.695
450.31
450.654
450.778
451.452
452.126
452.861
453.214
457.175
456.905
457.467
457.737
458.224
458.085
458.617
460.585
458.255
458.643
458.865
458.554
458.289
458.354
459.465
459.412
459.109
459.225
459.224
458.973
459.713
460.392
463.635
462.293
462.316
462.785
462.711
462.704
462.785
463.659
463.605
461.571
461.375
460.833
462.286
462.615
462.139
465.33
465.53
464.239
464.027
463.1
463.354
461.691
461.398
461.454
460.072
459.829
459.776
459.682
462.784
462.842
463.255
464.116
460.821
461.008
460.774
460.607
460.179
459.947
459.915
460.991
460.435
460.488
460.335
461.217
461.336
461.706
464.957
465.055
465.261
464.663
465.064
465.045
465.251
465.504
466.449
466.503
466.511
467.152
467.188
466.161
466.864
468.268
468.295
467.944
466.498
466.42
466.36
466.331
466.438
468.685
468.726
466.669
466.789
467.195
467.356
467.328
467.407
468.747
467.474
467.524
467.955
469.557
469.677
469.986
470.796
471.293
471.241
468.615
468.704
468.462
468.34
468.449
472.279
472.329
472.899
471.026
471.172
471.083
471.072
470.318
470.748
470.386
469.458
469.37
469.217
469.033
468.875
468.931
469.001
470.558
469.776
470.357
470.807
471.225
471.152
471.429
471.838
472.006
472.004
472.159
472.25
472.321
472.643
472.623
474.44
474.824
474.973
474.406
474.836
474.906
475.249
478.616
478.69
478.855
479.238
478.795
478.552
478.617
480.261
480.67
480.136
478.234
478.168
478.645
479.148
478.847
478.973
482.2
482.479
482.987
483.427
480.339
480.248
480.253
479.817
482.001
482.4
482.93
483.169
483.694
484.038
484.922
486.377
486.898
487.178
487.502
487.962
487.163
487.51
487.364
488.906
489.132
489.387
489.359
489.437
489.254
487.476
487.218
487.529
488.551
488.44
488.545
488.726
489.63
489.622
489.608
489.994
490.991
490.837
491.202
491.473
492.068
490.961
490.615
490.554
491.472
491.67
491.705
492.042
492.682
491.599
493.241
493.839
493.295
492.732
492.505
492.352
492.341
492.368
489.189
489.216
492.611
492.293
492.555
492.96
493.078
492.038
492.35
492.353
492.271
492.074
491.972
491.907
491.509
488.732
488.747
488.507
489.906
489.783
490.148
489.786
488.029
487.508
486.993
486.915
486.746
488.399
488.508
488.265
487.432
487.517
487.254
487.202
486.711
486.715
487.119
486.647
486.831
487.231
486.322
486.276
485.954
487.132
487.446
487.315
487.008
487.014
483.934
483.307
483.742
485.721
486.374
485.411
485.657
485.732
485.07
485.056
485.594
485.452
488.761
488.573
488.965
489.15
488.368
488.191
488.291
489.289
489.016
489.217
489.341
489.603
489.609
489.151
489.203
491.913
491.393
491.373
491.312
491.197
489.084
487.279
488.946
489.082
489.273
489.626
490.263
490.422
490.639
487.371
488.366
488.161
488.469
488.674
488.761
488.556
487.993
487.688
487.403
486.53
485.555
485.128
484.868
484.215
483.891
483.277
482.501
482.385
485.622
485.967
485.273
484.958
485.125
485.712
484.068
483.926
483.667
484.285
482.286
482.366
482.297
481.371
480.967
481.077
481.507
481.517
481.606
481.71
479.465
477.442
477.367
476.297
476.488
476.314
476.512
476.571
476.121
476.094
475.864
476.015
477.086
478.723
478.39
478.415
478.409
478.079
478.589
478.686
478.852
482.334
482.281
480.369
479.896
478.329
478.472
478.947
479.534
480.617
481.226
481.877
483.615
483.021
483.806
484.128
484.222
482.118
482.019
479.922
479.936
479.024
479.484
479.446
479.264
479.438
480.818
481.036
482.807
481.524
483.255
483.281
483.438
484.346
484.027
482.755
482.713
481.668
480.469
480.738
482.995
485.299
485.129
486.123
485.892
483.934
483.762
483.939
484.675
484.385
484.471
484.363
484.948
481.773
481.945
481.898
482.801
483.135
482.578
483.066
483.239
482.423
482.265
484.561
485.161
486.789
486.596
486.581
486.523
486.002
484.96
485.076
485.234
486.241
485.987
486.518
486.728
489.597
489.118
491.479
490.645
491.66
491.819
491.844
491.366
491.436
490.627
491.172
488.465
489.332
489.211
489.322
489.47
490.279
489.784
490.55
491.082
492.31
493.701
493.966
494.331
494.053
494.995
494.271
494.53
494.888
495.158
495.063
493.721
491.389
491.762
491.528
491.844
495.593
496.337
496.904
497.056
497.501
495.897
494.523
491.848
490.47
490.504
491.289
491.855
491.985
492.502
491.372
491.697
490.943
492.036
492.343
492.444
491.007
491.183
490.194
490.456
490.827
492.312
492.726
493.64
493.776
493.963
494.18
493.989
494.524
495.197
492.587
494.009
494.631
495.364
495.758
492.673
492.589
494.158
495.102
495.68
495.449
495.905
495.988
495.313
496.049
496.295
497.459
497.52
500.642
500.807
501.249
503.291
506.392
506.454
506.801
506.661
506.904
506.661
506.05
505.703
505.778
503.54
505.322
508.23
510.582
511.085
510.356
510.035
510.252
510.324
511.63
511.787
512.154
511.725
511.696
512.048
513.803
512.857
509.63
508.873
508.921
509.597
509.448
509.608
509.749
507.355
506.769
507.364
506.881
507.54
510.331
511.734
511.49
510.963
508.748
512.347
511.927
511.414
509.935
509.476
510.103
509.72
509.459
509.84
508.833
508.374
508.113
507.901
507.38
507.236
507.174
504.726
504.854
504.564
504.052
504.595
504.866
504.921
504.655
504.468
502.974
506.766
506.46
506.633
506.78
506.434
506.193
505.59
504.229
503.926
503.688
503.005
503.535
503.56
502.706
502.076
502.003
500.062
504.488
505.118
504.924
504.534
504.312
504.362
504.123
502.674
503.141
503.365
503.49
503.523
503.566
503.77
503.708
502.757
504.779
504.485
504.554
504.466
505.484
505.699
505.773
506.062
505.185
502.782
503.032
502.448
502.7
503.001
503.266
503.705
501.948
504.233
504.27
504.42
505.243
504.607
504.404
503.827
504.144
504.35
505.294
504.899
504.908
504.993
503.508
502.319
502.357
501.281
499.709
499.605
498.253
498.945
499.453
499.481
500.261
492.923
493.233
496.294
496.677
496.624
494.698
495.121
495.689
495.451
495.809
499.51
500.16
500.872
501.206
501.551
501.861
501.908
495.026
495.868
496.047
496.579
496.99
497.53
498.281
498.465
493.976
494.054
495.548
498.9
499.588
500.348
500.559
500.181
500.643
500.494
502.189
501.386
501.758
502.04
502.593
503.569
503.543
504.437
503.985
503.922
503.291
504.074
504.268
504.51
506.585
507.463
504.329
506.237
509.585
510.435
512.644
512.709
512.872
512.99
511.467
514.135
514.241
514.053
513.761
514.284
516.465
516.534
516.405
515.6
515.509
514.812
514.455
514.274
514.067
513.907
514.078
514.053
521.011
521.649
521.478
521.241
521.238
518.146
517.594
517.451
521.024
520.528
519.886
519.148
518.245
517.692
517.361
517.673
517.312
513.494
513.58
514.854
511.386
510.946
509.674
508.365
508.243
506.335
506.677
505.552
504.741
504.895
504.712
504.213
503.557
500.657
503.99
503.6
502.786
502.29
501.854
501.453
501.317
501.464
502.064
507.271
506.835
506.616
502.554
502.695
502.584
502.349
502.087
503.052
502.938
502.954
502.319
501.61
501.317
501.163
497.52
497.133
497.629
497.322
497.021
496.661
496.017
498.212
496.671
496.386
497.025
497.319
497.555
497.404
497.648
497.484
497.664
497.273
497.065
500.398
500.198
499.351
502.177
502.404
501.028
498.708
498.65
500.156
500.541
501.582
503.063
502.584
502.021
499.816
500.075
503.107
502.758
502.747
503.175
502.116
501.961
501.459
500.446
499.641
500.272
499.982
500.302
500.237
503.704
503.382
500.269
500.079
499.976
499.821
499.674
497.912
493.841
493.261
493.414
493.581
496.613
496.455
496.141
493.578
492.682
493.01
492.796
493.172
494.437
493.943
494.018
493.929
493.66
493.144
489.912
490.28
489.669
489.257
489.177
488.843
488.798
489.026
485.861
485.771
487.467
490.698
490.477
490.142
489.979
489.387
488.422
488.528
488.628
490.296
490.224
490.425
490.425
490.277
490.039
490.309
489.836
490.171
490.734
491.256
491.249
491.461
491.264
487.923
487.546
487.352
490.093
490.18
490.147
490.101
487.512
488.094
491.872
492.568
491.986
491.487
491.245
491.316
491.446
492.718
493.683
493.26
493.467
493.428
493.818
494.34
494.815
494.91
492.576
492.976
496.067
496.294
496.515
497.238
497.219
497.509
494.419
494.608
498.047
498.027
498.197
497.907
498.031
498.188
497.716
497.857
498.316
498.282
498.065
498.469
497.797
497.589
498.023
497.081
496.974
497.442
497.743
497.744
498.086
498.376
498.455
496.969
496.933
500.386
500.929
501.195
501
500.205
500.4
500.682
502.013
503.54
504.339
504.584
505.276
505.321
505.886
506.185
505.349
507.195
507.273
507.769
505.449
505.853
505.888
506.049
506.436
504.766
507.482
508.124
507.956
508.048
508.127
508.544
509.314
508.852
511.45
511.758
511.06
511.227
511.601
511.841
512.249
512.575
511.911
512.748
513.515
513.782
514.651
514.776
515.819
516.599
516.962
515.024
515.845
515.774
516.517
516.784
516.529
516.569
516.848
518.38
517.222
516.526
516.334
516.194
516.578
516.968
516.884
516.62
514.427
511.782
511.376
511.148
510.976
508.603
508.788
507.543
507.459
506.789
506.486
506.044
508.323
507.602
506.842
506.576
505.051
506.062
504.981
504.646
504.738
504.445
504.582
504.226
501.564
501.941
502.666
502.105
502.219
502
500.645
499.879
497.392
493.429
494.371
492.817
492.595
489.429
489.6
489.738
486.847
486.513
485.735
487.879
487.001
486.796
486.31
485.871
484.847
484.597
484.343
484.531
481.971
482.061
482.407
482.205
480.2
479.993
479.581
478.229
481.913
484.515
484.914
485.249
484.543
487.102
484.356
485.227
486.512
486.84
487.415
487.263
487.48
486.776
484.796
484.919
485.863
486.058
486.554
486.284
486.139
484.822
484.417
483.541
485.131
485.07
484.883
483.434
483.784
482.838
483.117
483.319
485.088
487.962
487.733
488.878
488.364
487.665
486.968
486.696
489.017
488.647
489.175
489.769
490.291
487.776
487.836
488.308
489.777
489.878
489.901
490.341
494.235
490.2
489.855
490.041
492.099
492.596
492.759
494.006
493.573
493.142
492.558
491.941
492.2
491.34
493.212
492.761
491.579
491.272
488.984
486.304
486.293
486.535
488.774
487.883
487.323
486.952
487.004
486.935
487.11
488.121
488.082
488.731
488.686
488.767
487.334
488.739
488.639
489.482
490.199
490.429
491.014
491.461
487.706
487.294
487.224
490.828
490.614
490.025
489.882
490.083
485.931
485.775
485.403
488.33
488.101
487.913
487.579
487.467
486.391
485.906
485.505
489.653
489.647
489.51
487.396
487.438
481.61
478.921
478.21
478.076
477.949
477.616
477.273
476.744
477.15
477.34
477.775
477.589
478.978
481.531
481.04
481.577
481.166
481.564
481.796
482.066
481.751
481.64
481.787
482.022
480.409
480.104
478.109
477.953
479.284
479.136
478.989
478.576
477.284
476.525
476.02
475.794
479.407
479.408
479.697
479.354
478.293
478.547
478.289
478.021
481.404
481.248
481.047
479.585
478.629
477.754
477.281
476.861
477.715
477.374
476.833
477.033
476.028
475.835
477.789
477.22
482.926
485.623
485.911
486.04
484.803
485.237
485.807
486.655
486.729
484.198
481.38
481.407
479.602
479.463
479.64
479.65
479.737
480.18
480.195
480.411
480.605
480.324
480.141
480.029
481.57
481.666
483.694
483.766
481.51
481.299
480.752
480.88
481.463
481.667
481.518
481.473
479.348
478.948
478.813
478.73
479.552
479.541
479.178
479.188
478.832
478.821
479.206
480.542
481.583
482.404
482.794
483.094
481.885
481.404
481.858
481.656
482.523
482.502
482.252
482.386
481.573
481.271
481.364
481.054
482.091
481.595
481.17
481.084
479.749
482.078
484.779
484.526
486.235
486.256
486.07
485.725
485.014
484.69
484.41
483.871
483.664
482.911
482.573
482.172
478.866
478.782
478.602
475.797
477.86
478.239
478.431
478.017
478.055
477.461
477.225
477.232
479.381
479.818
480.136
480.116
480.464
480.388
480.94
480.804
481.129
480.724
480.332
479.854
479.375
478.888
477.815
477.504
478.333
478.301
478.023
477.855
477
476.649
476.37
476.047
476.167
476.382
476.296
476.096
475.357
475.566
475.609
475.584
476.381
476.437
476.117
476.206
472.849
472.574
472.754
472.719
473.574
473.419
473.647
472.919
470.383
471.389
470.814
470.882
474.231
474.607
474.622
474.067
473.853
473.585
473.507
473.876
473.905
472.447
471.306
471.639
471.906
471.694
471.375
471.601
471.455
471.255
470.607
469.543
469.724
469.747
469.695
470.14
470.169
470.054
470.029
469.341
468.962
469.348
469.407
469.175
469.903
469.719
469.194
469.377
469.766
469.428
469.413
469.548
470.411
469.653
467.208
466.435
466.054
465.459
464.353
464.147
464.621
464.615
464.069
464.163
463.813
463.62
463.379
462.383
460.778
458.033
458.58
458.942
459.182
457.066
457.357
460.459
460.77
460.169
460.401
460.782
460.871
462.743
464.081
463.583
463.264
462.696
462.879
462.539
462.702
463.125
463.613
465.244
465.032
463.824
463.812
463.987
464.606
464.917
465.993
466.922
467.835
465.83
465.867
466.236
466.305
466.41
467.446
467.333
467.198
464.217
464.254
464.702
465.206
466.3
469.113
467.683
468.47
469.073
470.794
471.067
474.043
474.498
475.09
475.165
475.521
475.559
476.127
478.01
481.117
484.194
484.577
484.145
483.998
484.215
484.038
484
483.933
485.16
485.272
484.923
484.743
483.995
483.967
483.961
484.089
484.954
485.018
485.198
484.733
483.242
482.871
482.101
482.054
483.364
482.148
479.628
479.019
475.744
475.377
475.213
474.556
476.152
475.969
474.478
468.672
468.643
468.162
467.886
467.421
470.086
469.583
466.161
465.407
464.994
464.601
466.181
465.409
464.921
464.247
463.235
460.187
459.594
459.207
459.17
458.7
458.514
454.962
454.687
455.49
454.967
454.655
454.667
453.834
454.205
454.088
453.55
453.013
452.354
452.189
451.638
451.709
448.996
447.866
447.218
446.976
446.489
446.04
445.818
438.817
437.256
437.292
437.317
437.192
437.124
437.928
436.412
436.317
439.084
438.737
438.505
438.838
437.895
436.921
437.985
442.643
442.456
442.204
442.183
442.727
443.116
442.161
444.423
444.459
444.349
444.317
444.475
444.873
445.056
443.141
442.48
444.778
444.939
445.176
444.843
444.594
443.566
446.439
446.678
446.919
447.115
447.053
446.953
447.137
447.612
447.24
447.265
447.313
447.198
447.054
447.194
446.558
448.404
448.651
449.341
449.054
448.962
448.611
448.972
455.95
458.818
459.154
459.185
459.316
459.583
459.109
462.275
459.2
459.002
458.89
458.79
458.372
459.682
460.561
460.61
460.262
460.335
460.584
460.627
460.379
460.06
461.256
460.516
459.683
458.319
458.063
457.775
457.164
457.118
459.432
458.641
458.764
458.769
458.261
458.077
458.201
459.338
458.401
458.044
457.768
457.712
455.784
455.226
455.118
455.681
455.221
455.176
455.238
454.893
454.494
454.376
454.585
455.217
455.364
455.048
454.914
454.878
455.31
454.857
454.877
453.963
453.59
453.047
452.468
452.041
452.094
451.965
454.22
454.108
453.987
454.259
454.365
454.314
454.638
454.269
454.383
452.64
452.235
451.72
451.296
451.419
451.29
452.014
452.69
453.467
453.718
453.537
453.609
453.255
452.807
453.928
452.171
451.787
451.93
451.851
452.035
452.092
452.611
451.679
451.808
451.821
452.263
451.206
451.556
451.12
450.817
450.568
450.235
450.353
450.192
449.871
449.922
449.767
448.53
448.518
448.618
448.53
447.855
447.871
447.191
446.697
446.671
446.986
446.97
445.462
445.922
445.327
444.873
444.658
444.726
443.974
443.306
443.401
441.865
438.875
438.982
440.466
440.365
440.989
439.379
439.58
434.991
434.694
434.484
434.65
434.129
434.264
434.228
433.408
433.518
434.13
435.859
435.912
435.84
436.262
434.4
433.735
433.7
434.424
434.137
434.17
435.198
436.585
435.796
435.947
436.709
436.827
436.888
436.921
437.195
436.834
436.891
437.588
439.01
438.819
439.007
439.149
439.595
438.187
439.139
440.284
440.168
439.836
440.19
441.735
441.693
441.597
442.56
441.234
441.417
441.658
442.137
441.737
439.865
442.916
442.949
443.169
443.416
443.139
444.877
444.069
449.015
449.033
448.948
448.859
449.116
448.4
448.373
449.745
449.621
449.955
450.143
450.404
450.434
450.342
452.544
453.24
453.031
453.197
453.285
452.872
452.834
452.682
452.654
452.148
452.125
452.333
452.609
452.232
451.967
452.649
452.767
452.417
451.955
452.019
452.141
452.501
452.54
452.506
451.256
450.603
450.951
451.583
451.955
452.33
452.496
452.623
452.16
453.467
453.894
454.44
454.79
455.387
458.928
456.745
455.659
454.254
454.274
454.678
454.636
454.039
451.029
451.085
451.825
452.488
453.097
454.256
454.495
452.637
452.664
452.789
452.624
452.388
452.336
452.202
451.731
449.649
450.53
450.605
450.609
451.15
451.388
451.525
452.146
452.064
452.252
452.318
452.575
453.359
453.93
454.301
454.685
454.115
454.738
455.408
455.666
455.868
456.096
458.186
459.109
458.098
458.473
458.645
457.314
457.55
457.957
459.181
459.393
459.508
459.225
459.352
458.924
459.003
459.677
462.375
462.998
464.956
465.736
465.729
466.062
467.985
471.283
471.708
470.637
469.5
469.378
469.508
469.909
471.256
471.385
471.12
469.82
470.278
470.92
463.873
463.901
464.78
464.596
464.407
464.143
463.519
462.55
462.026
461.881
462.582
458.5
457.571
457.138
456.636
456.305
455.638
454.736
452.294
451.83
450.825
449.785
449.005
448.509
447.517
445.873
446.506
445.377
444.86
445.391
444.312
443.252
439.714
438.95
438.614
438.062
437.149
436.535
436.058
434.417
434.064
434.707
433.785
433.145
432.744
432.522
431.943
431.713
431.511
432.043
432.688
432.164
431.863
430.976
429.912
429.245
428.808
429.609
429.274
428.683
434.141
433.591
434.431
433.846
433.746
432.796
432.917
433.466
433.745
433.522
433.394
436.626
437.119
437.103
437.141
436.358
436.041
436.41
439.487
439.43
439.435
439.875
439.494
439.542
439.589
441.686
442.513
443.201
443.252
443.467
443.65
443.611
446.895
448.014
448.439
448.591
448.78
448.78
448.485
446.278
446.059
446.157
446.636
446.937
444.405
444.198
440.077
439.945
440.298
440.685
440.996
441.722
442.306
443.418
445.269
446.183
446.845
447.46
448.014
448.529
449.68
451.042
451.637
452.229
453.02
453.754
454.345
454.876
455.187
455.786
455.387
456.142
456.388
456.889
457.308
458.714
459.752
459.46
459.418
460.332
461.547
461.99
463.272
463.948
464.827
463.83
464.127
464.372
464.651
464.768
465.353
465.934
465.765
464.945
465.365
466.191
465.413
466.246
466.535
470.324
470.796
469.645
469.566
469.442
472.876
472.449
477.51
478.246
478.302
477.273
477.032
476.555
476.089
475.789
475.428
475.588
475.672
475.532
474.036
473.908
473.022
472.015
471.638
470.909
469.548
469.64
468.018
467.834
467.895
467.419
467.975
467.415
466.206
465.435
464.976
461.99
461.416
461.753
461.812
459.662
458.934
458.361
457.602
456.987
456.432
457.04
456.607
456.283
456.014
455.681
451.846
451.169
451.17
451.582
450.601
450.083
451.035
450.868
450.778
450.084
449.445
448.128
448.036
447.953
447.234
447.697
447.557
447.35
445.934
444.136
443.954
443.72
443.089
442.651
442.594
442.485
442.596
442.087
442.807
442.228
442.248
441.933
441.727
441.556
442.218
442.701
444.034
443.972
443.402
443.83
443.528
440.579
441.409
441.361
441.167
440.568
440.74
440.743
439.558
440.889
440.401
440.624
441.15
441.43
441.547
440.697
439.583
437.808
437.332
436.698
440.3
440.785
441.147
441.115
441.848
441.617
442.043
442.525
443.03
443.731
444.081
445.821
446.465
446.713
447.44
447.804
447.731
447.773
448.843
451.368
451.934
451.6
452.305
452.844
452.803
452.611
451.465
451.549
451.56
451.965
452.016
452.771
452.858
453.595
453.608
453.261
453.016
453.011
453.376
453.156
453.527
456.155
455.979
456.927
457.572
461.073
461.047
461.162
462.618
459.836
460.782
460.973
461.143
461.614
461.988
463.649
464.692
466.313
467.057
468.472
468.641
469.111
469.162
469.813
469.915
469.345
469.17
467.284
467.16
467.097
467.227
467.52
465.217
465.371
465.624
465.85
466.206
466.515
467.164
467.551
461.616
462.831
463.332
463.892
464.456
464.855
465.954
463.88
462.441
462.702
462.813
463.689
464.411
464.938
465.826
467.278
466.603
467.442
468.294
468.8
469.321
470.648
469.74
469.869
468.675
468.889
469.635
469.313
469.785
472.978
473.13
473.876
470.452
470.23
469.636
469.104
469.913
470.54
470.525
470.728
470.786
470.63
470.573
470.634
470.904
472.08
472.403
474.158
474.041
474.038
474.186
472.388
468.83
468.168
467.863
467.106
467.247
467.329
467.309
467.009
473.073
472.847
472.789
471.062
470.891
470.844
470.647
473.269
475.003
474.425
474.652
474.018
473.709
473.294
472.667
471.653
472.195
471.822
471.39
470.352
469.904
469.316
470.796
468.868
470.215
469.904
469.307
469.031
468.76
469.117
469.099
468.535
471.826
471.767
471.617
471.723
471.479
471.279
471.555
471.306
471.271
471.342
470.633
470.674
470.027
469.988
469.682
468.618
468.975
469.185
469.382
468.322
474.267
474.997
475.161
476.158
476.276
475.82
474.16
474.45
474.682
474.713
474.639
476.142
475.852
476.106
475.195
474.899
475.009
475.211
475.312
475.541
475.947
476.266
476.4
476.809
477.467
477.456
477.58
478.545
478.879
478.976
478.808
479.989
479.823
479.609
479.637
480.511
479.945
478.362
477.246
477.587
478.027
478.423
479.348
479.672
479.968
480.488
480.36
480.24
480.42
480.702
481.685
481.956
482.691
483.06
483.497
481.498
481.67
481.729
481.965
485.879
486.148
485.568
485.669
484.812
484.897
485.286
487.546
487.98
488.279
488.811
487.114
486.504
486.987
486.548
487.962
488.488
488.805
489.594
490.044
488.861
488.926
488.904
489.251
489.408
489.63
490.018
490.252
490.718
489.693
490.104
490.893
491.794
492.549
493.42
494.181
494.612
494.723
496.587
498.278
498.045
498.259
498.103
497.918
498.261
498.583
497.516
498.348
499.189
499.611
499.521
499.364
499.68
500.124
498.953
498.9
502.75
502.915
503.061
502.866
502.538
502.199
502.467
501.237
502.032
501.946
501.829
501.183
500.054
499.137
498.024
495.353
494.927
494.882
495.284
495.141
494.739
494.73
493.415
492.939
494.223
494.147
494.223
493.904
493.588
493.145
490.941
490.572
490.167
491.198
491.099
490.877
490.697
490.104
488.806
488.521
488.18
488.657
488.343
487.745
487.497
481.356
481.716
481.739
481.527
481.587
482.648
482.344
481.777
481.475
480.266
479.281
478.738
478.151
478.707
478.121
477.87
477.289
475.476
475.384
475.38
475.45
475.815
476.943
476.913
476.765
475.203
475.256
475.548
475.653
475.885
479.949
480.635
480.639
479.715
480.043
480.486
480.637
481.779
482.228
482.175
481.903
481.49
480.761
480.631
479.08
480.61
480.824
481.322
479.87
478.481
478.348
478.122
478.049
478.915
478.97
479.056
479.364
479.358
479.585
479.103
484.719
484.436
484.43
481.831
479.281
475.764
475.598
475.366
475.105
476.353
477.415
477.559
477.846
478.376
478.784
478.617
478.734
480.296
480.102
480.258
480.356
479.701
479.595
479.383
479.421
481.174
481.35
481.576
481.889
480.964
480.828
480.759
480.578
481.29
480.734
480.434
479.439
478.833
478.315
478.39
478.695
478.985
480.029
480.444
482.278
481.837
481.789
481.437
482.977
484.575
484.579
484.946
485.204
485.458
485.113
485.341
485.423
485.676
485.314
486.049
486.113
486.152
484.588
487.343
485.396
489.03
488.935
489.192
489.044
489.234
489.261
489.137
488.945
488.851
489.022
489.35
489.657
488.682
486.143
486.084
486.412
487.465
488.196
488.582
488.689
489.118
489.259
487.081
487.176
488.277
488.752
489.388
489.627
490.023
490.283
490.604
491.914
492.809
493.51
490.871
487.839
488.237
488.266
488.086
488.349
488.906
489.275
488.953
488.335
487.989
485.588
485.61
485.722
483.289
480.015
479.668
479.144
478.534
479.083
477.263
475.815
468.954
466.895
463.132
461.449
427.176
419.447
418.347
417.41
416.554
415.367
413.561
409.422
407.601
403.144
401.562
401.934
401.682
395.722
393.163
391.171
387.593
387.134
386.287
386.204
385.358
381.112
381.486
381.402
381.626
377.779
377.166
375.721
372.862
373.119
373.151
373.182
373.146
372.805
374.278
376.308
376.382
376.61
377.106
376.911
376.545
375.758
376.372
377.203
377.619
379.581
379.83
379.69
381.184
383.587
383.577
383.406
383.964
383.926
385.177
386.016
390.588
393.351
395.349
399.456
429.152
437.096
438.394
437.313
437.656
438.86
440.729
445.403
447.59
452.818
454.919
454.39
455.091
465.594
465.538
467.718
472.363
472.399
473.527
473.045
473.887
480.388
481.532
481.284
481.012
486.257
486.123
487.494
491.708
491.314
491.221
487.682
484.79
485.077
484.78
484.119
483.301
479.668
479.083
478.583
479.3
479.951
478.746
477.816
477.071
475.918
474.982
474.867
474.519
474.027
474.134
474.543
473.937
472.704
470.163
469.881
469.739
469.172
469.49
469.815
469.905
468.071
467.623
469.893
470.348
470.639
471.094
459.796
435.163
428.687
427.494
426.235
425.607
421.119
414.722
411.259
404.77
400.817
390.036
389.415
388.308
387.25
387.351
387.392
386.495
386.715
383.05
380.96
380.87
380.216
379.193
380.105
381.418
380.164
379.248
378.988
377.565
378.442
374.63
363.566
359.405
356.451
355.937
355.123
353.844
353.394
348.995
346.096
344.875
344.794
344.42
340.971
339.197
333.868
330.495
329.849
325.46
323.65
321.919
319.531
315.266
314.139
309.451
307.931
306.319
304.771
302.311
304.394
315.621
317.871
316.218
315.729
312.454
312.283
316.66
318.28
319.445
321.384
328.507
329.018
328.886
329.308
329.18
329.13
329.695
329.879
333.025
335.154
335.419
335.938
336.02
336.927
337.29
338.342
339.363
339.777
341.18
341.836
344.989
355.272
359.675
363.046
364.071
365.185
366.811
365.489
370.304
373.821
375.416
375.682
375.837
380.11
382.142
387.219
393.153
393.971
399.961
402.454
405.082
407.911
413.795
417.143
425.968
427.67
430.538
433.012
436.577
441.701
442.315
444.394
448.244
449.989
457.38
461.591
462.132
462.244
467.188
467.348
467.001
466.08
466.657
466.17
462.058
461.337
460.099
458.961
457.531
456.484
455.435
450.982
450.973
449.764
448.826
447.743
446.768
445.292
444.01
443.76
443.069
441.562
440.212
439.178
438.282
434.409
433.168
435.321
434.414
433.706
432.925
432.441
431.483
430.884
430.667
433.339
433.105
432.995
433.1
432.759
432.506
432.345
432.874
432.337
431.826
432.778
432.427
430.71
430.53
430.24
429.739
429.538
429.154
429.022
426.834
427.24
428.161
429.014
430.009
430.577
431.309
431.348
431.321
431.79
435.733
436.498
436.411
437.054
437.468
436.79
436.826
439.403
440.557
441.192
441.432
441.469
441.934
442.777
443.701
444.025
443.585
444.311
444.473
444.106
443.127
445.724
445.594
445.217
445.325
444.39
444.36
443.058
443.492
443.086
442.788
442.366
442.263
441.855
440.696
440.596
440.612
440.686
440.482
439.824
439.451
437.859
437.429
438.689
439.114
439.095
438.787
438.072
437.372
437.3
437.876
435.038
433.772
430.559
429.69
429.086
428.096
425.039
425.169
424.524
423.474
421.314
421.176
420.399
420.069
420.684
420.769
421.391
418.889
417.906
417.343
417.153
416.443
415.473
414.37
410.489
410.35
409.865
409.202
408.729
406.541
402.62
402.105
401.682
401.288
401.305
400.479
400.053
399.698
399.428
398.872
397.626
397.273
396.664
395.544
395.046
394.546
394.139
393.926
393.9
393.086
393.475
393.179
392.483
392.095
391.399
391.123
388.467
388.477
387.786
388.276
389.111
388.853
387.439
386.674
385.958
385.628
387.906
387.557
386.902
386.733
387.729
387.599
387.168
386.658
384.457
383.842
383.29
384.373
384.013
383.646
383.135
382.247
382.278
382.254
384.156
383.611
383.401
383.281
382.667
384.55
387.57
387.856
387.763
388.021
387.493
387.945
388.532
388.422
388.216
388.456
389.357
386.387
386.185
387.518
387.629
387.695
387.642
387.043
386.404
387.014
386.993
387.083
387.236
387.317
385.044
385.307
388.075
388.354
388.025
388.38
388.813
388.937
391.729
392.005
392.314
392.237
392.132
389.383
389.747
389.834
389.722
389.897
390.021
386.929
388.268
387.963
387.754
387.546
387.742
387.875
387.721
388.392
388.229
387.987
388.153
388.507
387.904
386.648
387.172
386.731
385.815
385.284
384.784
384.131
384.308
383.178
380.678
380.611
377.729
377.438
376.968
379.211
379.324
379.224
376.972
376.67
376.506
376.841
377.552
377.186
376.368
376.095
376.178
376.134
378.528
378.436
378.296
376.06
376.54
376.2
376.471
376.604
376.462
375.464
375.363
373.667
373.075
375.699
375.596
375.497
374.019
373.824
373.771
376.711
376.923
375.227
372.599
372.752
372.777
372.689
372.929
372.656
372.575
372.702
373.048
372.721
373.079
373.888
373.172
373.61
374.557
374.965
375.405
375.822
375.815
376.203
378.545
378.5
381.297
381.265
381.082
377.885
377.774
377.709
379.781
380.067
379.695
378.813
378.518
378.751
379.69
379.875
378.322
378.212
378.236
378.319
378.322
380.535
380.549
380.743
380.29
380.117
380.597
381.761
381.83
383.512
383.913
381.194
381.081
380.945
380.416
378.391
377.2
373.192
373.037
375.151
378.137
377.609
377.115
377.429
377.464
377.124
376.107
375.7
375.805
376.198
376.552
376.082
376.591
376.402
376.205
373.411
373.275
372.783
372.663
372.523
372.504
371.203
371.181
371.531
372.151
375.925
376.22
375.957
376.013
375.706
375.811
376.918
377.129
376.998
374.89
374.599
376.113
376.212
376.326
376.177
376.131
376.065
375.918
376.003
376.576
376.713
376.168
375.546
375.64
375.737
376.004
378.383
377.057
375.819
377.485
379.699
380.968
385.173
385.361
385.087
382.498
382.661
383.168
382.754
382.812
383.318
384.406
384.499
384.165
383.684
383.481
384.226
384.415
383.547
383.628
386.439
386.535
385.561
385.52
382.975
382.615
383.888
383.81
383.121
382.616
378.494
378.235
378.71
377.264
375.975
376.188
375.943
376.04
376.377
378.655
379.058
379.453
379.094
378.992
379.262
379.246
373.251
370.651
364.888
361.015
357.771
355.983
354.463
349.604
345.24
344.773
344.836
344.742
345.747
345.93
345.756
345.827
345.83
345.03
345.126
347.148
347.325
347.29
347.298
345.107
345.462
345.896
346.566
346.967
347.843
347.875
348.099
348.201
349.326
349.79
350.254
350.648
351.864
351.474
354.048
354.599
354.947
355.222
355.342
353.505
356.877
357.253
357.119
358.634
360.173
360.438
360.326
359.96
359.637
359.555
358.813
358.116
358.027
357.802
357.819
357.985
363.538
366.034
371.808
376.041
379.851
382.402
384.587
390.191
395.986
396.475
396.613
398.873
399.328
399.629
400.023
400.512
400.913
402.211
402.771
403.213
403.416
401.934
402.368
405.048
404.911
404.801
404.445
404.465
404.204
404.606
404.421
404.383
404.115
403.806
403.306
403.252
403.244
401.051
399.099
398.961
399.145
399.525
399.884
399.08
398.963
398.885
398.948
397.649
395.274
393.506
391.656
391.847
392.548
391.345
391.662
391.081
390.68
390.53
389.897
389.7
389.12
386.705
386.709
387.224
387.479
387.76
388.075
388.009
388.219
388.917
389.351
389.526
389.87
388.832
388.566
388.039
388.299
388.673
389.004
389.173
388.113
389.684
389.847
390.758
390.923
390.981
391.353
390.901
390.719
390.487
391.132
391.889
392.603
393.126
394.067
394.709
392.878
396.857
399.649
400.288
400.67
401.016
401.656
403.458
404.48
405.17
405.585
407.302
410.356
412.743
415.179
415.403
415.236
416.848
417.644
419.138
420.456
420.165
420.729
421.003
421.655
424.781
425.15
424.722
421.608
421.252
421.458
422.215
422.118
421.571
421.379
420.59
418.235
419.866
420.822
418.582
417.281
416.418
407.489
406.093
401.537
401.948
401.386
400.958
400.794
401.022
400.845
401.437
401.43
399.174
392.631
392.178
391.978
388.624
380.032
377.863
380.44
380.286
380.246
380.174
380.149
379.952
380.233
382.302
381.782
381.301
381.16
380.3
379.807
379.638
380.143
380.507
380.443
380.497
380.076
380.298
380.691
381.85
382.177
382.512
380.835
380.717
381.036
380.592
383.154
376.056
373.567
374.162
373.92
374.353
374.759
374.725
376.28
376.162
376.142
378.617
379.437
380.209
384.209
384.033
388.729
387.88
385.026
379.92
380.419
379.169
379.719
380.07
380.612
382.197
388.507
389.13
389.561
392.815
401.874
404.121
404.003
404.461
404.37
404.49
404.041
404.385
404.466
403.753
403.975
404.053
404.357
405.326
405.548
403.316
402.96
401.273
395.853
395.508
393.801
392.142
387.788
386.457
386.955
384.988
387.373
388.126
388.507
389.649
388.133
396.406
397.436
397.113
397.634
397.629
397.383
398.431
399.001
389.426
387.436
385.965
385.134
375.992
374.939
374.332
374.431
374.919
378.527
382.49
382.284
383.634
383.546
383.703
383.386
384.237
382.318
382.453
382.293
382.786
382.649
382.842
382.795
381.898
381.797
382.06
382.384
382.234
380.294
381.389
376.081
376.502
375.556
375.39
374.374
376.886
375.246
374.618
380.282
380.79
383.352
385.228
389.737
390.824
390.632
393.018
391.829
392.007
391.686
391.639
393.675
392.076
394.274
388.762
387.095
385.497
380.317
378.952
377.564
387.229
389.696
390.281
391.916
401.304
406.859
407.636
405.952
406.427
406.557
408.637
408.004
408.044
407.995
407.832
408.407
408.756
411.382
410.532
410.738
410.647
410.575
410.748
410.973
411.728
412.064
409.937
410.587
407.104
408.08
408.416
415.215
415.664
414.47
411.136
405.384
404.736
401.22
399.521
395.618
391.353
391.555
390.438
390.593
390.851
389.432
389.153
390.406
390.108
389.804
387.653
385.811
384.49
382.084
385.639
381.734
377.124
374.33
374.584
373.458
372.18
371.691
372.671
372.517
373.271
373.171
374.575
377.004
377.201
376.965
376.791
377.482
377.544
377.522
376.594
376.626
376.601
376.599
376.993
376.755
376.572
374.062
372.1
369.287
368.866
367.951
363.642
354.845
357.679
357.659
356.904
356.742
355.532
357.425
360.524
366.605
367.096
369.821
372.4
374.587
378.889
378.873
380.041
379.598
379.837
381.184
381.387
380.861
381.216
381.63
383.835
385.223
388.263
390.752
392.388
398.456
405.794
415.305
416.208
419.494
420.825
421.21
421.028
420.772
421.068
420.932
420.878
421.055
421.251
420.925
417.889
417.57
415.196
415.177
416.127
414.543
411.206
408.549
403.424
396.385
394.958
396.571
398.306
401.049
401.415
402.218
409.129
420.237
417.188
418.084
418.088
417.699
418.561
418.46
417.879
416.564
415.814
418.189
419.306
420.056
419.704
419.149
417.988
409.619
408.079
403.896
393.766
387.368
382.542
382.641
382.335
379.55
379.244
378.548
377.826
377.71
377.697
377.866
377.452
376.902
376.617
376.133
375.833
375.723
374.893
374.792
374.409
374.193
374.118
374.41
376.833
377.318
379.212
370.045
366.032
361.67
364.3
365.483
365.279
366.586
362.231
361.731
361.818
361.98
361.848
361.725
361.673
361.858
363.925
364.471
364.567
364.705
364.853
364.614
364.69
365.461
364.912
365.043
365.062
365.164
364.656
364.595
365.344
371.546
372.779
376.275
385.52
383.395
387.509
384.574
382.638
382.674
380.804
381.463
381.679
381.182
380.799
380.239
380.01
379.601
379.018
378.99
378.503
378.212
378.377
377.19
377.234
376.741
376.196
376.195
375.33
373.851
373.252
382.01
385.575
390.803
390.181
390.171
395.32
400.651
406.009
407.559
405.329
402.889
402.81
403.254
402.726
402.413
402.164
400.067
399.898
399.885
399.996
400.404
400.737
400.648
398.834
399.061
399.481
399.952
401.01
401.478
401.089
401.23
401.264
401.256
401.267
410.887
411.506
414.395
416.594
419.851
421.961
421.764
422.454
423.251
423.169
423.505
419.636
412.63
412.079
409.043
404.458
402.396
401.334
401.621
399.593
397.789
395.899
393.287
392.978
392.57
391.644
389.675
388.385
387.488
386.169
382.713
379.637
377.292
364.944
359.719
354.445
347.484
339.665
335.433
330.788
328.652
326.485
325.859
323.089
319.547
318.294
314.482
311.567
310.315
311.571
310.332
309.929
309.078
308.855
308.738
307.477
307.813
307.591
304.678
304.276
304.087
303.792
303.807
303.596
303.441
301.494
301.191
299.804
298.006
297.874
297.848
299.582
303.62
302.671
304.092
306.819
307.867
308.004
308.248
309.342
310.422
311.378
312.569
312.91
311.417
311.966
312.479
313.503
313.632
314.562
317.111
317.561
316.827
326.016
330.363
336.151
342.517
350.107
354.097
359.542
361.763
364.177
365.909
368.659
372.766
374.201
379.202
382.644
383.866
382.968
383.864
383.486
383.606
382.841
381.203
381.451
380.787
380.439
384.417
384.309
383.242
382.41
381.158
380.878
380.203
382.905
382.84
384.724
386.748
386.603
385.887
386.374
385.654
387.583
387.462
386.325
386.06
386.147
386.191
386.318
386.174
386.036
385.265
385.039
388.159
388.238
389.389
389.144
390.046
389.304
388.937
390.945
393.963
392.512
391.174
390.508
390.563
389.449
385.922
384.775
381.798
381.339
381.048
381.455
381.06
380.678
377.644
377.554
377.493
378.212
376.754
375.793
375.129
374.712
375.236
376.226
375.692
375.591
373.736
373.299
373.867
373.059
373.758
373.681
373.999
374.271
374.656
374.701
375.196
374.969
374.977
373.366
373.593
373.625
373.925
375.14
375.679
376.026
376.278
376.307
376.323
376.437
377.281
377.371
377.791
376.774
376.888
375.823
375.001
375.42
375.827
372.151
366.814
365.398
366.106
366.439
367.674
368.618
371.701
372.338
374.876
375.112
373.876
373.046
373.584
373.822
376.637
376.9
377.135
377.745
379.508
380.712
381.628
382.145
382.537
382.344
380.077
380.35
382.662
383.552
384.088
386.024
383.541
383.714
383.832
382.798
382.372
382.331
381.19
381.304
381.468
383.421
383.381
383.475
383.354
381.011
380.781
381.202
381.143
381.404
382.003
381.146
380.792
380.999
381.236
382.782
382.867
384.436
385.651
385.613
385.321
389.206
395.384
399.742
399.864
400.251
400.643
401.004
401.382
401.94
402.479
401.869
403.345
404.393
404.584
404.47
404.444
404.483
404.57
403.934
404.129
404.361
404.657
404.951
405.293
406.372
409.263
409.68
409.54
409.408
409.432
408.996
411.921
411.398
409.842
410.951
410.9
409.747
409.585
409.849
408.611
406.984
406.777
406.665
406.692
408.973
405.982
405.412
404.412
403.654
403.061
404.477
404.097
404.364
404.286
402.315
402.381
402.157
401.996
398.975
399.177
399.156
399.472
399.539
400.007
400.203
399.836
399.539
399.381
399.557
399.622
400.675
401.025
401.189
401.262
401.223
401.297
401.426
401.331
400.844
401.057
401.012
400.428
400.814
401.032
400.938
400.923
400.304
400.064
398.947
398.731
398.783
398.473
398.664
400.088
399.861
400.269
401.454
402.949
402.604
401.388
402.269
402.376
402.198
401.958
401.925
403.825
404.461
405.677
402.581
402.544
395.759
392.679
391.549
390.709
391.894
391.472
391.29
390.132
393.126
392.858
392.956
392.428
391.841
390.942
390.6
391.222
391.198
391.097
390.548
389.446
387.812
387.571
387.524
387.242
387.132
381.422
376.758
375.713
373.001
362.656
356.56
353.991
347.017
343.156
342.171
342.328
342.127
341.539
342.199
341.385
341.189
341.49
341.627
341.28
341.032
340.188
339.863
339.41
338.065
337.257
337.355
333.016
333.056
332.989
333.149
332.721
329.562
328.089
330.434
330.373
334.87
337.375
337.568
337.796
337.869
337.326
337.249
337.961
337.947
336.402
336.415
336.328
336.602
337.346
337.655
337.776
338.225
338.367
338.423
339.239
340.217
340.141
340.044
340.265
340.567
344.02
347.746
348.734
351.877
357.938
363.784
366.151
373.963
377.324
375.355
374.789
374.775
375.385
375.352
375.861
375.776
374.856
374.408
374.733
374.311
373.648
373.372
372.788
374.275
376.763
376.966
382.235
382.067
381.343
381.609
383.314
387.048
388.831
388.612
388.704
387.953
388.604
389.397
389.701
389.847
390.835
391.131
390.351
390.084
392.496
392.606
393.011
392.9
392.166
391.411
391.078
390.644
390.044
390.36
389.919
390.27
389.446
389.778
389.404
389.12
390.214
390.138
390.124
389.829
393.731
393.971
394.725
393.661
394.818
397.085
397.723
397.988
397.779
397.387
398.054
397.767
397.506
398.132
398.271
398.786
400.138
399.874
399.619
399.346
399.761
399.89
400.258
398.167
397.254
395.408
391.682
388.617
385.292
384.572
384.061
378.1
373.406
372.873
371.796
371.59
371.44
371.063
371.811
372.052
371.694
371.373
371.417
371.481
371.816
372.036
372.118
371.227
370.917
370.783
371.054
370.999
371.898
371.928
370.767
370.664
370.768
370.808
370.683
370.575
370.166
369.992
369.305
369.506
369.186
369.499
364.633
364.726
364.753
362.567
354.085
347.607
348.11
348.178
348.487
347.18
344.147
341.18
338.744
334.813
333.054
330.126
328.165
328.851
329.723
328.184
329.241
328.513
329.228
325.844
324.3
326.293
326.093
324.911
322.53
320.444
319.11
318.696
317.779
317.182
315.723
313.834
310.513
309.708
307.414
304.168
301.733
301.832
299.858
298.058
296.562
293.977
293.43
292.584
293.236
293.163
289.542
289.351
288.302
287.197
287.205
287.436
287.682
286.959
286.039
285.602
288.037
288.148
288.084
289.808
293.736
298.632
299.069
298.886
298.766
299.993
299.767
302.576
305.038
308.597
310.215
312.779
314.132
314.95
315.325
318.026
319.456
322.04
323.592
326.129
327.803
330.786
334.161
335.506
338.795
340.743
342.268
343.074
344.076
344.565
346.29
348.707
350.085
350.945
353.842
358.247
361.555
362.177
365.225
367.894
369.914
373.852
374.572
375.967
376.16
375.196
381.106
380.864
382.092
384.132
384.952
384.292
384.315
384.716
386.539
388.025
389.451
389.368
387.143
386.771
389.87
389.348
389.026
389.037
388.37
387.461
391.695
391.775
389.813
385.646
382.706
382.443
383.175
383.262
383.215
383.059
380.284
380.161
380.373
382.54
383.071
382.91
383.392
382.846
383.123
383.643
383.398
383.033
382.924
382.604
382.527
382.274
385.374
385.285
385.366
385.168
382.92
382.655
383.173
383.292
382.908
382.871
380.247
379.816
379.876
381.231
381.233
381.762
379.681
377.536
377.166
377.512
377.248
378.156
377.324
374.463
373.009
372.32
372.057
369.873
368.714
367.265
360.638
356.163
355.473
352.689
349.7
344.596
342.98
345.143
344.267
337.692
334.951
330.135
327.351
323.614
323.193
319.866
318.018
314.549
310.612
310.55
310.445
311.026
310.886
310.952
311.152
311.5
311.721
312.222
312.695
313.118
313.08
313.291
270.935
270.216
270.934
270.574
270.179
269.632
267.969
267.584
268.462
268.209
267.739
267.245
267.225
266.897
267.993
268.625
268.336
267.924
267.665
267.343
267.279
268.15
268.37
267.926
268.782
269.508
269.528
270.092
273.327
274.749
274.938
276.672
278.094
280.693
281.653
281.275
282.937
287.228
288.408
291.461
292.841
295.27
296.627
299.135
300.127
302.62
304.174
303.476
302.519
301.855
301.273
299.719
298.39
297.725
296.299
295.952
295.145
292.502
291.77
290.959
339.431
339.722
339.065
336.465
335.437
334.276
336.664
334.569
334.548
334.492
334.445
334.376
333.579
332.441
332.184
332.128
331.759
330.801
330.627
330.83
330.905
331.181
331.423
332.468
332.553
333.279
333.909
334.68
334.257
336.172
337.029
337.253
338.273
339.471
341.156
342.845
343.681
344.566
345.096
346.089
347.17
347.645
347.875
348.592
348.646
349.377
351.753
352.343
353.188
353.807
354.725
356.957
358.402
358.957
360.873
360.707
361.095
363.908
364.864
365.618
366.611
367.518
369.047
372.857
374.783
376.976
377.7
380.884
381.915
382.104
381.975
381.858
381.956
383.285
383.67
383.934
384.559
386.405
387.64
387.763
388.526
388.535
388.998
387.661
388.412
386.321
386.306
385.836
387.014
386.663
386.67
387.137
387.154
386.897
387.267
387.344
387.235
386.925
387.94
387.949
388.188
388.091
386.476
383.091
384.091
383.084
383.231
383.241
383.046
383.007
382.4
382.288
382.15
381.994
381.861
381.545
382.036
382.491
382.379
382.734
382.888
381.977
381.971
382.049
382.03
380.388
379.004
376.965
376.402
375.185
376.573
377.621
378.34
377.877
378.255
379.094
379.934
380.251
380.485
381.062
378.999
379.262
379.441
380.738
380.847
382.523
382.06
381.312
381.48
381.854
381.294
380.668
379.628
377.408
376.093
375.453
373.46
372.745
366.357
365.49
363.312
363.024
361.336
363.959
363.751
364.43
364.324
364.736
365.056
363.996
364.006
363.958
364.494
364.377
363.437
354.446
354.742
355.219
355.295
355.289
353.92
354.704
354.684
354.542
353.626
355.072
355.778
357.738
358.143
359.733
359.293
359.293
359.469
359.691
359.237
358.763
357.206
357.149
356.983
356.824
358.922
359.449
358.996
359.265
359.722
360.099
360.217
361.29
361.404
360.36
360.897
361.578
362.506
363.966
365.305
365.75
367.714
368.717
375.211
376.102
376.226
374.303
378.187
379.018
378.949
379.139
376.844
376.973
377.269
378.733
379.583
380.064
379.96
380.656
381.783
393.305
393.163
393.403
393.789
393.476
395.11
395.65
396.259
396.996
398.749
399.076
399.44
399.709
399.849
399.734
399.903
399.929
400.299
399.978
400.526
401.172
402.929
403.15
403.437
403.398
402.206
402.141
403.019
403.217
402.437
398.093
394.476
393.896
390.862
392.188
390.649
387.456
387.201
387.729
387.236
387.081
385.512
384.997
383.957
383.576
385.42
387.774
387.498
387.344
384.859
384.508
387.239
386.491
385.743
383.488
381.325
380.171
379.023
379.174
379.339
379.608
376.865
376.624
374.896
375.355
375.497
375.132
372.078
371.461
370.017
367.909
365.99
362.163
360.136
360.547
360.424
360.496
360.35
361.33
361.397
361.175
360.947
360.741
360.326
360.333
360.57
360.266
359.791
359.337
359.479
362.558
365.227
365.379
367.696
367.537
368.726
371.181
370.977
369.32
366.131
365.434
365.352
365.59
364.702
362.406
362.989
363.353
363.882
363.919
366.377
364.715
364.023
364.679
364.998
367.239
367.977
367.092
368.435
368.419
368.512
368.112
365.76
365.534
366.87
365.927
365.224
364.862
366.982
365.403
366.303
368.17
369.82
372.864
375.167
373.91
373.379
372.729
372.363
371.658
370.841
369.625
368.481
367.421
366.738
366.598
364.969
364.221
363.764
363.229
362.949
363.044
363.471
361.833
360.075
359.519
356.835
355.581
351.648
349.269
351.839
352.283
353.355
348.581
347.383
348.988
348.32
347.638
344.812
344.593
344.347
346.03
346.955
347.159
347.089
346.784
347.478
348.732
348.769
348.281
348.363
346.541
350.127
349.824
350.04
350.968
351.501
351.362
351.797
353.511
353.602
353.827
354.564
355.66
354.588
355.65
356.297
356.631
357.193
357.428
357.994
357.84
358.867
359.98
360.703
360.705
362.749
360.614
360.636
361.281
361.62
361.989
362.323
363.773
365.728
366.492
369.25
370.854
375.432
380.131
379.012
379.161
379.539
385.04
388.083
388.867
388.955
389.336
392.519
391.837
391.918
391.956
391.588
390.607
390.878
390.287
390.227
389.931
389.628
389.189
388.678
390.895
391.363
391.654
391.233
390.55
387.996
388.67
388.378
387.703
387.087
387.075
384.363
383.821
384.149
383.723
383.695
383.824
380.052
379.405
379.192
380.693
380.783
380.603
378.772
378.755
378.604
381.668
382.294
381.984
381.271
381.122
380.646
381.048
381.434
381.718
381.867
379.869
378.114
378.117
379.857
380.085
380.121
380.128
379.523
379.64
380.087
380.542
380.84
381.913
379.403
379.497
379.729
380.536
380.849
381.591
381.292
378.804
378.935
379.346
379.585
379.319
378.428
377.951
378.234
378.643
380.827
380.716
380.688
377.094
377.491
377.115
379.14
379.144
378.943
375.159
374.947
374.829
378.051
378.417
377.028
373.788
373.702
373.779
375.473
375.353
372.762
370.963
370.746
370.512
368.823
364.786
364.73
364.89
364.992
364.764
364.95
367.075
368.396
368.305
368.609
368.801
368.833
368.901
369.716
368.743
368.856
368.705
367.537
367.286
370.029
369.854
369.29
369.09
368.983
368.963
369.417
372.188
370.13
370.33
369.883
369.641
370.751
371.331
371.333
371.448
371.04
371.49
369.36
373.772
374.126
372.161
372.482
372.963
374.073
378.381
378.457
378.226
375.234
375.948
377.843
381.23
381.52
381.344
381.274
381.523
383.504
385.413
384.971
385.37
387.057
390.873
391.29
390.348
389.826
389.524
389.077
386.71
386.976
386.538
385.924
385.445
384.937
383.634
383.107
383.515
382.819
382.006
382.404
382.125
381.693
380.313
380.679
380.763
378.263
376.832
376.644
376.364
378.237
378.138
378.603
378.491
378.557
378.53
378.483
378.428
378.898
378.66
379.682
379.177
379.11
381.371
380.16
379.397
377.775
377.795
377.69
378.127
380.476
318.072
317.81
317.088
317.075
317.386
317.674
317.761
318.203
318.414
317.245
317.144
317.851
318.373
318.518
319.148
319.011
319.059
319.437
320.962
320.245
319.641
319.764
319.836
320.359
321.481
322.047
322.855
323.493
323.656
324.029
324.433
324.695
325.902
326.135
326.341
328.198
328.95
329.47
329.867
330.205
330.511
330.739
331.557
331.205
331.643
332.033
332.304
331.677
331.861
333.341
333.585
333.947
334.375
335.682
336.11
337.159
336.913
336.374
336.345
337.16
408.649
409.249
410.166
410.217
409.633
409.423
408.105
408.564
408.693
410.115
409.361
408.85
409.06
409.28
409.436
409.993
409.831
407.33
407.164
408.713
410.441
411.052
411.557
411.56
408.105
407.999
407.896
407.805
408.295
408.692
405.983
405.942
405.873
405.638
405.802
405.917
406.309
404.002
403.748
403.558
403.59
403.192
402.188
401.678
399.819
398.374
398.52
399.911
399.765
399.539
399.412
399.695
399.66
399.791
398.427
398.82
399.256
399.797
399.938
400.151
400.116
399.994
400.047
400.015
399.728
399.855
401.622
401.884
401.913
403.688
405.238
405.835
406.05
406.098
406.188
406.312
406.572
408.872
408.013
408.052
407.818
407.049
407.005
404.655
406.036
405.775
405.757
405.978
404.429
404.495
407.081
405.788
405.807
405.802
404.321
404.189
403.833
405.391
405.708
405.708
404.085
404.221
405.053
406.525
405.708
407.145
406.896
407.023
407.224
407.258
407.482
405.917
405.51
405.073
406.685
406.316
406.041
406.899
407.203
407.208
406.166
406.265
406.448
406.554
407.861
408.357
408.224
389.754
386.361
381.509
378.584
377.913
375.255
374.41
371.547
371.845
372.255
372.654
373.836
374.119
374.584
375.247
375.749
378.174
380.017
380.639
380.756
380.984
380.924
381.228
381.809
383.499
384.123
384.976
386.565
386.509
387.367
388.446
389.178
390.078
392.241
393.313
394.269
393.637
393.009
393.42
393.418
393.583
393.949
393.21
392.916
394.051
394.819
395.195
395.877
396.878
397.231
397.492
397.78
397.405
399.229
400.203
401.317
402.031
401.729
399.356
399.613
419.713
424.194
430.48
434.285
435.99
438.685
440.593
443.623
443.483
443.757
441.067
440.295
439.67
439.806
440.273
440.644
440.604
440.013
440.367
440.522
439.543
442.731
443.091
443.006
442.966
443.278
443.12
442.328
443.46
443.858
442.323
439.467
438.896
438.134
437.202
436.24
437.429
441.645
440.287
440.767
440.819
440.752
440.779
441.116
439.406
439.076
439.139
438.547
438.062
438.227
438.106
438.13
439.289
439.112
438.462
437.6
436.929
437.63
440.973
440.899
440.636
440.57
440.332
439.501
437.808
439.346
436.169
437.743
437.696
438.097
440.745
438.105
435.91
435.552
435.646
435.339
435.284
436.764
436.667
437.253
438.836
439.095
439.232
439.208
439.385
439.136
438.986
439.673
440.098
439.914
439.909
442.319
442.401
442.753
443.368
443.854
443.625
443.684
444.571
444.643
445.108
443.943
443.505
443.96
444.984
445.222
445.319
445.549
444.727
444.633
444.791
444.712
444.582
444.292
444.514
445.338
445.237
445.199
445.05
445.527
445.688
446.234
443.902
442.558
444.416
444.562
447.855
448.28
449.226
449.248
449.679
451.559
454.751
455.207
454.791
454.39
454.63
454.481
453.829
453.461
452.735
452.266
452.013
452.203
451.18
450.563
446.892
446.087
445.643
445.248
446.354
446.602
446.869
443.707
443.108
442.914
442.526
439.447
439.853
439.754
439.514
440.909
442.551
442.374
434.336
433.673
430.064
429.921
430.798
430.882
429.17
429.404
429.783
429.726
429.539
429.295
429.437
429.45
429.077
429.018
427.968
427.73
430.225
432.6
432.199
431.546
431.822
431.798
427.128
426.253
422.405
423.835
423.692
423.396
423.785
424.221
424.331
424.368
425.124
424.699
424.3
424.596
422.395
422.672
423.661
424.171
427.948
429.241
429.252
429.656
428.399
427.123
427.585
431.166
431.594
432.398
433.275
436.757
437.486
436.883
436.015
436.632
437.249
437.983
445.792
446.28
450.337
451.211
452.256
452.736
455.349
455.461
455.417
455.694
456.034
456.583
457.812
458.336
459.25
459.183
460.732
460.861
461.039
461.752
462.633
463.516
463.498
463.665
469.435
470.496
474.484
475.165
476.104
476.989
476.955
477.33
477.727
473.651
473.214
473.977
475.15
475.781
479.052
479.22
478.822
478.812
474.572
474.26
475.18
475.969
477.786
479.481
477.907
476.519
477.229
476.506
476.985
476.827
474.177
474.751
474.603
473.554
471.991
471.258
473.016
473.136
473.399
472.531
470.993
470.446
469.793
469.605
469.217
469.225
469.129
467.364
466.418
465.508
464.674
464.734
464.325
463.986
463.796
463.05
462.199
461.549
460.772
457.344
455.191
454.513
454.952
454.924
451.582
448.366
446.111
445.919
445.156
447.707
447.759
446.398
446.589
446.079
446.016
445.768
443.937
443.25
446.325
446.307
445.663
444.894
444.672
444.51
444.717
444.216
442.292
439.576
437.25
437.336
439.008
437.951
438.224
438.043
439.27
439.911
439.521
439.625
439.666
437.079
437.931
438.456
438.738
438.739
438.703
438.347
437.744
438.817
438.697
438.556
438.627
438.473
438.06
427.274
426.65
426.655
426.722
426.525
427.004
420.421
