60
4.85634
3.75913
3.36311
3.17034
3.04947
2.96818
2.91107
2.87953
2.8575
2.87859
2.98181
3.10773
3.22867
3.34152
3.44593
3.54329
3.63442
3.72045
3.79835
3.79918
3.85733
3.9124
3.96713
4.02631
4.08404
4.13897
4.19111
4.2409
4.2877
4.3322
4.37518
4.41544
4.45482
4.49172
4.52727
4.56273
4.59459
4.62599
4.65491
4.68277
4.70927
4.73491
4.75988
4.78402
4.80614
4.82812
4.84911
4.86937
4.88976
4.90813
4.92589
4.94285
4.95946
4.97467
4.99009
5.00467
5.01891
5.03159
5.04472
4.98111
5.07676
5.17183
5.27218
5.37545
5.48282
5.59488
5.71151
5.82588
5.94232
6.03151
6.0504
6.04132
6.02991
6.01867
6.00644
5.99528
5.98416
5.97307
5.96288
6.01593
6.01672
6.01796
5.99722
5.98838
5.97861
5.96918
5.95827
5.94814
5.93864
5.92955
5.92057
5.91183
5.90318
5.89609
5.8888
5.88017
5.87515
5.87022
5.86649
5.86352
5.85989
5.85718
5.85401
5.85094
5.84862
5.84615
5.84283
5.83961
5.8356
5.83323
5.8314
5.83018
5.82898
5.82843
5.82795
5.82838
5.82985
5.83361
5.8365
5.84164
5.84586
5.85082
5.85647
5.8613
5.86683
5.87034
5.87299
5.87555
5.87813
5.88042
5.88208
5.88234
5.88058
5.87797
5.87615
5.875
5.87183
5.86869
5.86722
5.86543
5.86598
5.86764
5.88767
5.89198
5.89625
5.90138
5.90878
5.91703
5.92531
5.93347
5.94215
5.9513
5.96002
5.96857
5.97734
5.98602
5.99265
5.99672
6.00188
6.0062
6.01212
6.01526
6.01854
6.02139
6.02427
6.02696
6.02977
6.03386
6.03825
6.0424
6.04605
6.04967
6.05439
6.05992
6.06506
6.06845
6.07105
6.07337
6.0751
6.07498
6.07471
6.07467
6.07443
6.07388
6.07545
6.07798
6.08023
6.08345
6.08622
6.09007
6.09403
6.10126
6.10979
6.11829
6.12771
6.13769
6.14989
6.16121
6.17273
6.1827
6.19242
6.19838
6.20473
6.21079
6.21722
6.22188
6.22637
6.22848
6.23025
6.23113
6.23148
6.23026
6.22917
6.2282
6.22642
6.22365
6.22327
6.22357
6.22253
6.22247
6.2214
6.22132
6.22288
6.22367
6.22527
6.22996
6.23661
6.24166
6.24674
6.25141
6.2467
6.25065
6.25287
6.25433
6.25558
6.25699
6.25826
6.25928
6.26042
6.26248
6.26478
6.26709
6.26929
6.27452
6.27859
6.2828
6.28817
6.29259
6.29953
6.30367
6.30763
6.3121
6.31533
6.32138
6.32678
6.3295
6.33263
6.3368
6.3408
6.34512
6.34731
6.35265
6.35737
6.36017
6.36245
6.36414
6.36544
6.36776
6.37034
6.37343
6.3763
6.38049
6.38469
6.38792
6.39261
6.39926
6.40332
6.40859
6.41627
6.4226
6.42929
6.43651
6.4421
6.44942
6.45706
6.4604
6.46377
6.46531
6.46664
6.46852
6.48174
6.48603
6.48874
6.4936
6.49857
6.50419
6.51057
6.51508
6.52016
6.52487
6.52987
6.53349
6.53757
6.53956
6.54179
6.54456
6.54769
6.55234
6.55509
6.55923
6.56331
6.56499
6.56815
6.56932
6.57091
6.57447
6.57743
6.57877
6.58015
6.58263
6.58597
6.58821
6.59008
6.5911
6.5903
6.59326
6.59514
6.59687
6.59879
6.59998
6.60184
6.60307
6.60404
6.60614
6.60789
6.60741
6.60796
6.61105
6.61171
6.61093
6.6106
6.611
6.61045
6.60956
6.60807
6.6064
6.60582
6.60806
6.60943
6.61191
6.61207
6.61165
6.61349
6.61322
6.61294
6.6116
6.61053
6.61088
6.6107
6.6102
6.60832
6.60883
6.60905
6.60849
6.60735
6.60734
6.60566
6.60353
6.60245
6.60073
6.60029
6.60159
6.60281
6.60215
6.60316
6.60212
6.60157
6.60187
6.60277
6.60357
6.6035
6.60294
6.60374
6.6031
6.60569
6.60618
6.60696
6.60792
6.60818
6.60882
6.61038
6.61197
6.6136
6.61538
6.61517
6.61443
6.61436
6.61392
6.61278
6.61434
6.61517
6.61631
6.61721
6.61678
6.61757
6.61921
6.61955
6.62012
6.62037
6.61943
6.61957
6.61935
6.61814
6.61791
6.6173
6.61927
6.61845
6.61882
6.61994
6.61873
6.62129
6.62247
6.62251
6.62274
6.62458
6.62536
6.62648
6.62801
6.62869
6.63147
6.63323
6.63383
6.63329
6.63383
6.6358
6.63799
6.63823
6.63813
6.63778
6.63624
6.63636
6.63692
6.63594
6.63605
6.63298
6.6325
6.63207
6.63131
6.6321
6.6352
6.63343
6.63255
6.63014
6.62681
6.62505
6.62525
6.62521
6.62205
6.62057
6.6172
6.61459
6.61322
6.61078
6.61459
6.61541
6.6159
6.61541
6.61435
6.61326
6.61154
6.61045
6.60926
6.60829
6.60602
6.60453
6.60418
6.60525
6.6048
6.6024
6.60084
6.59788
6.59497
6.5968
6.59704
6.59709
6.59622
6.59683
6.59712
6.5968
6.59669
6.59658
6.59821
6.59945
6.60097
6.60144
6.60043
6.60215
6.60393
6.60462
6.60642
6.60595
6.60635
6.60867
6.61115
6.61504
6.618
6.6186
6.6211
6.62197
6.62037
6.62202
6.62529
6.62876
6.63234
6.63592
6.6385
6.64178
6.6448
6.64864
6.65422
6.65855
6.66084
6.66489
6.66447
6.66521
6.66735
6.66865
6.66964
6.67126
6.67423
6.67614
6.67939
6.68191
6.68721
6.69005
6.69146
6.69126
6.69246
6.69566
6.69932
6.70201
6.70529
6.70521
6.7056
6.70581
6.7078
6.70855
6.70893
6.71066
6.71078
6.71187
6.7109
6.71134
6.71228
6.71103
6.71136
6.71102
6.71119
6.71189
6.71204
6.71317
6.71247
6.7117
6.7106
6.71196
6.71032
6.71189
6.71186
6.71136
6.71213
6.71347
6.71205
6.71271
6.71364
6.71438
6.71626
6.71781
6.71895
6.71865
6.71796
6.71831
6.71796
6.71968
6.71911
6.71916
6.71891
6.71925
6.72027
6.72032
6.72194
6.72344
6.72455
6.72648
6.72588
6.72647
6.72713
6.72996
6.73061
6.73041
6.73154
6.73217
6.73267
6.73411
6.73814
6.73884
6.73958
6.74008
6.73995
6.73911
6.73912
6.73844
6.73888
6.73919
6.73932
6.73796
6.73833
6.73995
6.74006
6.7406
6.74268
6.744
6.74583
6.74664
6.74742
6.74683
6.74778
6.74813
6.74796
6.74965
6.74964
6.74873
6.74991
6.7503
6.75109
6.75081
6.74973
6.74927
6.75005
6.7502
6.75139
6.75151
6.75159
6.75027
6.7475
6.74821
6.74979
6.74954
6.74945
6.75076
6.74961
6.74961
6.74794
6.74631
6.74573
6.7442
6.74365
6.74283
6.74329
6.7438
6.74438
6.74552
6.74699
6.74694
6.74488
6.74455
6.74371
6.74232
6.74221
6.74218
6.74244
6.72592
6.72511
6.72545
6.72479
6.72709
6.72786
6.72848
6.72951
6.729
6.72815
6.72713
6.7264
6.72614
6.72679
6.72733
6.72676
6.72757
6.72909
6.72789
6.72872
6.73081
6.73029
6.7292
6.72842
6.72876
6.72885
6.72738
6.72799
6.72737
6.72527
6.72471
6.7256
6.72669
6.73007
6.73171
6.72992
6.73072
6.72972
6.72888
6.72924
6.7287
6.73006
6.73179
6.73135
6.73174
6.72945
6.72894
6.72842
6.7292
6.72881
6.72788
6.72617
6.72663
6.7268
6.7286
6.7279
6.72912
6.72839
6.72874
6.72897
6.74635
6.74758
6.74801
6.74934
6.74944
6.74921
6.74951
6.75117
6.75381
6.75509
6.75691
6.75889
6.76119
6.76262
6.76199
6.76362
6.76343
6.76212
6.7623
6.76401
6.76315
6.76358
6.76491
6.76565
6.76652
6.76681
6.7681
6.76673
6.7678
6.76809
6.76843
6.7704
6.76964
6.76844
6.76644
6.76591
6.7656
6.76746
6.76983
6.77051
6.771
6.77031
6.76965
6.77123
6.77401
6.77723
6.77802
6.77824
6.7768
6.77648
6.77785
6.77782
6.77663
6.77735
6.77718
6.77758
6.77714
6.77745
6.77723
6.77754
6.77858
6.77797
6.77749
6.77614
6.77582
6.7761
6.77392
6.77112
6.76781
6.76636
6.76688
6.76575
6.76208
6.76108
6.76183
6.75929
6.75933
6.75927
6.7588
6.75671
6.75656
6.756
6.75642
6.75709
6.75516
6.75452
6.7544
6.75517
6.75444
6.75643
6.75637
6.75311
6.7531
6.75412
6.75352
6.75326
6.75444
6.75382
6.75157
6.75027
6.74897
6.74816
6.74793
6.7479
6.74624
6.7446
6.74404
6.74416
6.74459
6.74403
6.74357
6.74439
6.74393
6.74211
6.74004
6.7415
6.74087
6.74311
6.74293
6.74188
6.73955
6.73934
6.73945
6.74072
6.74078
6.7407
6.7413
6.74188
6.74336
6.74288
6.7425
6.74348
6.74413
6.74389
6.74232
6.74384
6.74086
6.73902
6.7394
6.73967
6.73896
6.73891
6.73742
6.7359
6.73628
6.73753
6.73608
6.7359
6.73543
6.73278
6.73129
6.73098
6.73108
6.73157
6.73146
6.73129
6.72953
6.73
6.72736
6.72599
6.7197
6.71338
6.71265
6.71082
6.7111
6.71105
6.71084
6.70977
6.7091
6.70705
6.6876
6.68476
6.68359
6.68243
6.67934
6.67433
6.673
6.66745
6.66527
6.66289
6.66057
6.65799
6.6514
6.62088
6.61966
6.61745
6.61771
6.61886
6.61888
6.61922
6.61729
6.61593
6.61563
6.61447
6.61326
6.6101
6.61064
6.60962
6.6079
6.60568
6.60426
6.60352
6.60267
6.60139
6.60143
6.59994
6.60035
6.60123
6.60259
6.60429
6.60666
6.60922
6.60998
6.6106
6.61141
6.61292
6.61349
6.61332
6.61634
6.6186
6.62481
6.63174
6.6336
6.63554
6.63554
6.6357
6.63639
6.6378
6.63914
6.64211
6.66407
6.667
6.66941
6.67166
6.676
6.68131
6.68437
6.68814
6.68991
6.69264
6.69587
6.69918
6.70559
6.73635
6.73856
6.74098
6.74034
6.7389
6.73831
6.73779
6.73946
6.7397
6.74107
6.74216
6.74393
6.74777
6.74848
6.74991
6.75198
6.75357
6.75484
6.75654
6.75654
6.75572
6.75605
6.75674
6.75642
6.75366
6.75275
6.75238
6.75029
6.74995
6.75011
6.74934
6.74905
6.74777
6.74711
6.74546
6.74434
6.74373
6.74428
6.74367
6.74165
6.73864
6.73749
6.73717
6.73582
6.73593
6.73524
6.73431
6.7304
6.72884
6.72708
6.72554
6.72401
6.72281
6.72251
6.7233
6.72457
6.72501
6.72524
6.7271
6.72668
6.72599
6.72416
6.72342
6.72386
6.72382
6.72414
6.72463
6.72407
6.72279
6.72286
6.72335
6.72329
6.72251
6.72317
6.724
6.72308
6.72415
6.72375
6.7234
6.72402
6.72579
6.72535
6.72577
6.72697
6.72791
6.72766
6.72896
6.72996
6.72924
6.72942
6.73068
6.73135
6.73329
6.73435
6.73689
6.73749
6.73768
6.7372
6.7372
6.73794
6.74011
6.74126
6.73457
6.7353
6.73355
6.73284
6.73293
6.73294
6.73323
6.73338
6.7335
6.73345
6.73314
6.73352
6.73114
6.73225
6.73155
6.73182
6.7298
6.73006
6.73126
6.73344
6.73351
6.73318
6.73405
6.73418
6.7329
6.7322
6.73285
6.73408
6.73321
6.73227
6.7306
6.7297
6.72913
6.72952
6.72779
6.7269
6.72555
6.72485
6.72425
6.72457
6.72531
6.7256
6.72527
6.72327
6.71979
6.71912
6.71758
6.71553
6.71249
6.71149
6.70983
6.70845
6.70642
6.70682
6.70677
6.70895
6.71019
6.71028
6.71148
6.70589
6.71209
6.71179
6.71277
6.7112
6.711
6.71068
6.70978
6.70909
6.70969
6.71113
6.71058
6.70994
6.71146
6.71044
6.71031
6.709
6.7085
6.70551
6.70309
6.70076
6.70037
6.69959
6.69889
6.69925
6.70067
6.70124
6.70079
6.69895
6.69799
6.69867
6.70058
6.70147
6.7006
6.70036
6.70091
6.70258
6.70471
6.70616
6.70704
6.70624
6.70527
6.70401
6.70515
6.70714
6.70892
6.70956
6.71041
6.71051
6.71189
6.71247
6.71308
6.71402
6.71569
6.71505
6.71381
6.71158
6.70953
6.70897
6.70705
6.71247
6.71233
6.71288
6.7116
6.71389
6.71478
6.71517
6.71697
6.71772
6.7177
6.71578
6.71654
6.71597
6.71459
6.71235
6.71202
6.71251
6.71208
6.7146
6.71582
6.71544
6.71723
6.71731
6.71828
6.71834
6.71738
6.71591
6.71713
6.7165
6.71755
6.71781
6.71637
6.71676
6.71855
6.71924
6.72081
6.72051
6.71957
6.71873
6.71794
6.71792
6.71768
6.71747
6.71628
6.7155
6.71604
6.71523
6.71491
6.71457
6.7145
6.71421
6.71367
6.71226
6.71011
6.70935
6.70987
6.71057
6.71199
6.71183
6.71183
6.71191
6.71236
6.71133
6.71297
6.71296
6.71161
6.71161
6.71134
6.71109
6.71048
6.71157
6.71174
6.71248
6.71453
6.71674
6.71836
6.71918
6.72021
6.72254
6.72479
6.7266
6.72512
6.72506
6.72402
6.72445
6.7245
6.72605
6.72533
6.72577
6.72545
6.72609
6.72597
6.72486
6.7247
6.72546
6.72489
6.72555
6.72401
6.72426
6.72382
6.72339
6.72335
6.72313
6.72324
6.72555
6.72497
6.7256
6.72664
6.72751
6.72727
6.72653
6.72389
6.72461
6.72491
6.72521
6.72376
6.72259
6.72162
6.72102
6.72181
6.72123
6.72257
6.72142
6.71942
6.71894
6.71836
6.71814
6.71707
6.71614
6.71573
6.71511
6.7136
6.71266
6.71178
6.71043
6.71031
6.70855
6.70689
6.70546
6.70343
6.70299
6.70299
6.70397
6.70345
6.70368
6.70459
6.70409
6.70381
6.70432
6.70643
6.7061
6.70745
6.70773
6.70784
6.70728
6.7067
6.7078
6.71012
6.71016
6.70948
6.70934
6.70962
6.71053
6.7112
6.71005
6.70955
6.70774
6.70685
6.70806
6.71017
6.71211
6.71452
6.71433
6.71355
6.71412
6.71716
6.71776
6.71868
6.71884
6.71712
6.71526
6.71377
6.71454
6.71503
6.71445
6.71495
6.71566
6.71683
6.71731
6.71851
6.72162
6.72321
6.72351
6.72405
6.72533
6.72621
6.72746
6.72926
6.72973
6.73119
6.73127
6.73197
6.73106
6.7302
6.72844
6.72905
6.73048
6.73141
6.73007
6.72954
6.73029
6.72931
6.73015
6.72938
6.72892
6.72909
6.72683
6.72636
6.72672
6.7271
6.72998
6.72959
6.72849
6.72878
6.72703
6.72664
6.72829
6.72787
6.72701
6.72607
6.72662
6.72806
6.72913
6.72945
6.72979
6.72961
6.72831
6.72717
6.7285
6.7297
6.73216
6.73466
6.73422
6.73259
6.73411
6.73296
6.73076
6.72933
6.73073
6.72989
6.72684
6.72631
6.72658
6.72753
6.72684
6.72517
6.7231
6.72161
6.71965
6.7177
6.71657
6.71585
6.71619
6.71842
6.71749
6.71565
6.71448
6.7132
6.71418
6.71245
6.71055
6.71109
6.71047
6.70986
6.71033
6.71092
6.71068
6.71125
6.71089
6.71215
6.70992
6.71
6.70977
6.70941
6.70991
6.71229
6.71333
6.71439
6.71287
6.71102
6.70904
6.70832
6.70738
6.70785
6.70712
6.70615
6.70643
6.70609
6.7044
6.6991
6.69755
6.69616
6.69699
6.70018
6.69879
6.70073
6.70274
6.70302
6.70234
6.7023
6.70193
6.70137
6.70223
6.70098
6.69977
6.69945
6.70009
6.70139
6.70306
6.70536
6.70618
6.70659
6.70683
6.7051
6.70456
6.70368
6.70368
6.70383
6.7037
6.7038
6.70459
6.70365
6.70392
6.70507
6.70361
6.70141
6.70145
6.69998
6.69872
6.698
6.6951
6.6916
6.69176
6.69091
6.69082
6.68847
6.68674
6.68625
6.6842
6.68419
6.68154
6.67888
6.6764
6.67329
6.67086
6.66787
6.66609
6.66341
6.66189
6.66507
6.66564
6.66569
6.66539
6.66449
6.66468
6.66381
6.66296
6.66368
6.66202
6.66211
6.66169
6.66171
6.65843
6.65642
6.65606
6.65519
6.65539
6.65281
6.65043
6.64969
6.64988
6.64841
6.64808
6.64893
6.65297
6.65499
6.65539
6.65399
6.65208
6.65215
6.65146
6.65077
6.65192
6.65126
6.65144
6.6517
6.65238
6.65202
6.65223
6.65141
6.65538
6.65945
6.65853
6.65952
6.66004
6.6592
6.65867
6.65652
6.65913
6.66034
6.66202
6.66337
6.6655
6.66797
6.67264
6.6768
6.6799
6.68318
6.68659
6.68911
6.68949
6.6891
6.68902
6.68844
6.68677
6.6877
6.6887
6.6886
6.69036
6.69041
6.69048
6.69012
6.69325
6.67627
6.67655
6.6778
6.67847
6.67996
6.68125
6.67983
6.67896
6.67893
6.67839
6.6776
6.67474
6.67374
6.67308
6.67452
6.67587
6.67546
6.67572
6.67571
6.67328
6.67242
6.67225
6.67221
6.67107
6.6713
6.67147
6.6721
6.6718
6.67114
6.67299
6.67169
6.67338
6.67584
6.67792
6.68035
6.6798
6.67893
6.67974
6.68007
6.68035
6.6817
6.68118
6.67854
6.67865
6.67957
6.67913
6.67819
6.67758
6.67754
6.67821
6.67785
6.6796
6.67925
6.67814
6.67801
6.6789
6.67746
6.6788
6.67849
6.67643
6.69381
6.69397
6.69368
6.69312
6.69279
6.69211
6.69112
6.66772
6.66852
6.66972
6.66886
6.66932
6.66861
6.66833
6.66891
6.66945
6.67017
6.66962
6.67106
6.67142
6.67061
6.67132
6.67215
6.6743
6.67551
6.6755
6.67583
6.67463
6.67407
6.67408
6.674
6.67312
6.67131
6.66861
6.66868
6.67185
6.67322
6.67424
6.6759
6.6763
6.6765
6.67466
6.67521
6.67438
6.67311
6.67266
6.67206
6.67186
6.67119
6.67036
6.67001
6.6712
6.67128
6.67128
6.67228
6.67237
6.67441
6.67385
6.67551
6.67569
6.67752
6.67655
6.67693
6.67498
6.67671
6.67927
6.68057
6.70377
6.70242
6.70129
6.70198
6.70056
6.70019
6.70056
6.70111
6.70044
6.70142
6.70116
6.69918
6.70003
6.70296
6.70403
6.70392
6.70444
6.70527
6.70702
6.70737
6.70784
6.70719
6.70753
6.70756
6.70622
6.70722
6.70947
6.70966
6.70684
6.70498
6.70376
6.70267
6.70319
6.70333
6.70375
6.70354
6.70295
6.70272
6.70274
6.70266
6.70291
6.7046
6.70441
6.7059
6.70502
6.70419
6.70358
6.70147
6.69916
6.69812
6.69822
6.69811
6.69945
6.70018
6.70408
6.70466
6.70818
6.70706
6.704
6.70311
6.70278
6.70509
6.70474
6.70505
6.7068
6.70821
6.7064
6.70449
6.70448
6.70372
6.7052
6.70776
6.7083
6.70847
6.70886
6.70852
6.70653
6.70369
6.7015
6.70144
6.70022
6.70055
6.69827
6.69838
6.69992
6.69784
6.69714
6.69593
6.69639
6.69624
6.69551
6.69418
6.69343
6.69135
6.68985
6.68986
6.69018
6.69085
6.69132
6.69211
6.69219
6.68913
6.69172
6.69234
6.69346
6.69276
6.695
6.6954
6.69574
6.69733
6.69567
6.69386
6.69421
6.69275
6.69029
6.6888
6.68723
6.68644
6.68615
6.68618
6.68592
6.68421
6.68474
6.68517
6.6858
6.68519
6.68712
6.68728
6.68773
6.68734
6.6861
6.68425
6.68254
6.68083
6.67861
6.67929
6.67862
6.67909
6.6792
6.67788
6.67866
6.67854
6.67968
6.67986
6.67947
6.68243
6.68339
6.68513
6.68538
6.68761
6.68991
6.69234
6.69289
6.69333
6.69486
6.68065
6.68067
6.68011
6.67917
6.67916
6.67957
6.68015
6.67775
6.67628
6.67443
6.6751
6.67445
6.67394
6.67566
6.67488
6.67588
6.67556
6.67315
6.67216
6.67272
6.67341
6.67286
6.67233
6.67258
6.6721
6.67163
6.67201
6.67194
6.67194
6.66962
6.6691
6.66898
6.66899
6.66857
6.66845
6.66769
6.66801
6.66849
6.66957
6.6697
6.64496
6.64569
6.64681
6.64737
6.64791
6.64765
6.64797
6.64796
6.64853
6.64799
6.64563
6.64545
6.64384
6.64291
6.64166
6.64142
6.63919
6.63819
6.63766
6.63742
6.65073
6.65143
6.65119
6.65107
6.65079
6.65071
6.65142
6.65119
6.65137
6.65286
6.6539
6.65397
6.65629
6.65536
6.65557
6.65621
6.65748
6.65884
6.66053
6.66033
6.66024
6.66082
6.66099
6.66128
6.66318
6.66479
6.66448
6.6627
6.66348
6.66594
6.66621
6.66525
6.66727
6.66836
6.67004
6.67194
6.673
6.67236
6.67215
6.67318
6.69708
6.69664
6.6956
6.69617
6.69635
6.69634
6.69797
6.69829
6.69796
6.69717
6.69802
6.69714
6.6986
6.69909
6.69824
6.69726
6.69733
6.69702
6.69775
6.69804
6.69906
6.69799
6.69885
6.69894
6.69796
6.69751
6.69927
6.70018
6.69916
6.69716
6.69638
6.69407
6.69289
6.69301
6.6941
6.69534
6.69564
6.69717
6.69822
6.69951
6.70017
6.70204
6.70283
6.70331
6.70177
6.70138
6.70291
6.70394
6.70181
6.69933
6.69904
6.69834
6.69597
6.69522
6.69351
6.69199
6.69023
6.69001
6.6899
6.68918
6.68973
6.68452
6.68456
6.68461
6.6846
6.6842
6.68335
6.6829
6.68352
6.68573
6.68326
6.68253
6.67994
6.67949
6.68095
6.68071
6.68272
6.6833
6.68178
6.68247
6.68306
6.68426
6.68387
6.68437
6.68512
6.68647
6.6855
6.6856
6.68717
6.68793
6.68788
6.68815
6.68798
6.68721
6.68571
6.6839
6.68296
6.68177
6.67929
6.67761
6.67634
6.67391
6.67322
6.67262
6.67243
6.672
6.66974
6.67082
6.67163
6.67249
6.67221
6.67481
6.67519
6.67395
6.6727
6.67195
6.67162
6.67138
6.67057
6.67105
6.67136
6.67711
6.67711
6.67567
6.67685
6.67734
6.67664
6.67734
6.67564
6.67367
6.67612
6.676
6.678
6.67634
6.67529
6.67506
6.6726
6.67295
6.67536
6.67513
6.67422
6.67381
6.67376
6.67192
6.67212
6.66941
6.66826
6.66741
6.66655
6.66617
6.66634
6.66738
6.66656
6.6678
6.66801
6.66806
6.6683
6.66728
6.6674
6.66597
6.66569
6.6661
6.66656
6.66573
6.66442
6.66471
6.66717
6.66658
6.66601
6.66678
6.66795
6.66602
6.66647
6.6682
6.6692
6.66443
6.66554
6.66688
6.66759
6.66768
6.66761
6.66702
6.66741
6.66721
6.66587
6.66522
6.6658
6.66546
6.66558
6.66643
6.66556
6.66492
6.66505
6.66748
6.6676
6.65661
6.65857
6.65764
6.65713
6.65626
6.65674
6.65627
6.65597
6.65627
6.65561
6.65504
6.65379
6.65464
6.65311
6.65317
6.6543
6.65368
6.65406
6.65335
6.65345
6.65224
6.65049
6.65097
6.65123
6.65265
6.6539
6.65436
6.65476
6.65471
6.65639
6.65651
6.65607
6.65572
6.65663
6.65485
6.65434
6.65341
6.65361
6.65244
6.65418
6.66202
6.66154
6.66062
6.66147
6.65964
6.65871
6.65771
6.65666
6.65727
6.65803
6.6581
6.65693
6.65695
6.65689
6.65554
6.65514
6.65579
6.65641
6.65506
6.65478
6.66573
6.66334
6.66336
6.66233
6.66123
6.66008
6.66039
6.65934
6.65931
6.6591
6.66023
6.66262
6.66097
6.66222
6.66086
6.65903
6.65992
6.65963
6.65879
6.65764
6.6574
6.65864
6.65768
6.65783
6.65687
6.65733
6.657
6.65563
6.6563
6.65604
6.65497
6.65317
6.65348
6.65349
6.65401
6.65388
6.65533
6.65388
6.6539
6.65347
6.65108
6.65003
6.65021
6.64945
6.64985
6.6492
6.64933
6.64874
6.64831
6.6471
6.64771
6.64857
6.648
6.64987
6.64894
6.65001
6.65041
6.64727
6.64719
6.64648
6.64606
6.64638
6.64732
6.64708
6.6473
6.64725
6.64771
6.64941
6.65039
6.65084
6.65116
6.65042
6.65071
6.65181
6.65246
6.65213
6.65198
6.65225
6.65237
6.65226
6.65326
6.65412
6.65464
6.65322
6.65283
6.65091
6.65139
6.6518
6.65302
6.6521
6.65417
6.65442
6.65415
6.65448
6.65468
6.65599
6.6556
6.65603
6.65539
6.65486
6.65517
6.6558
6.65506
6.65477
6.65499
6.65642
6.65783
6.65836
6.65841
6.65896
6.65948
6.65815
6.65814
6.65724
6.56922
6.5572
6.54601
6.52895
6.52083
6.52108
6.5207
6.52196
6.52191
6.52164
6.52163
6.52156
6.52115
6.51928
6.51662
6.51507
6.51405
6.5121
6.51014
6.50626
6.50422
6.50185
6.50079
6.49919
6.49938
6.48652
6.48607
6.48404
6.48304
6.48263
6.48241
6.47995
6.47647
6.47513
6.47193
6.47043
6.46866
6.46705
6.46428
6.46028
6.45854
6.4581
6.45916
6.45946
6.46016
6.45851
6.45757
6.45754
6.45709
6.45623
6.45763
6.45527
6.45347
6.45292
6.45208
6.45068
6.45057
6.45124
6.45014
6.44901
6.53476
6.54537
6.55548
6.57343
6.58255
6.58159
6.58116
6.57938
6.57721
6.57756
6.57861
6.57951
6.57835
6.58003
6.58158
6.58318
6.58329
6.58463
6.58809
6.59132
6.59251
6.59409
6.59357
6.59546
6.59375
6.60567
6.60589
6.60736
6.60686
6.6079
6.61056
6.61333
6.61671
6.61832
6.61936
6.6213
6.6211
6.62332
6.62582
6.62773
6.62829
6.62756
6.62606
6.6254
6.62518
6.62462
6.62641
6.62716
6.62754
6.62858
6.62637
6.62687
6.62713
6.63011
6.63233
6.63361
6.63328
6.63252
6.6194
6.62064
6.62093
6.62072
6.62171
6.62269
6.62166
6.62235
6.62239
6.62205
6.62242
6.62278
6.62248
6.62173
6.62119
6.62076
6.62123
6.6202
6.62095
6.62116
6.62028
6.61879
6.61965
6.62039
6.62131
6.62022
6.62129
6.62203
6.62213
6.62218
6.62398
6.62441
6.62265
6.62205
6.62059
6.62126
6.62261
6.62087
6.61991
6.62008
6.62073
6.62192
6.62308
6.62261
6.62327
6.62317
6.62319
6.62366
6.62206
6.62085
6.62182
6.621
6.62106
6.62286
6.62361
6.62144
6.62049
6.62015
6.62223
6.62345
6.63665
6.63534
6.63474
6.63582
6.63529
6.63305
6.63305
6.63283
6.63373
6.63406
6.63566
6.6366
6.63739
6.6374
6.63772
6.63784
6.6392
6.63986
6.64137
6.64113
6.64158
6.6418
6.64088
6.64069
6.64188
6.64282
6.64436
6.64521
6.64535
6.64583
6.64576
6.64509
6.64696
6.64745
6.6486
6.64834
6.64792
6.64935
6.65177
6.65086
6.6521
6.65284
6.65419
6.65474
6.65412
6.65516
6.65501
6.65549
6.65656
6.65737
6.65656
6.65668
6.65684
6.65584
6.65529
6.65485
6.65448
6.65349
6.64965
6.64809
6.64898
6.64862
6.6491
6.65007
6.65072
6.65154
6.65312
6.65443
6.65562
6.65639
6.65567
6.65481
6.65358
6.65471
6.65437
6.65303
6.65161
6.65257
6.65112
6.65013
6.64877
6.649
6.65159
6.65205
6.65095
6.64988
6.6488
6.64862
6.64819
6.64756
6.64663
6.64572
6.64421
6.64407
6.64376
6.64122
6.64212
6.64317
6.64088
6.64066
6.62915
6.62759
6.62476
6.62264
6.62147
6.62058
6.62144
6.62141
6.62015
6.61947
6.62147
6.62019
6.62095
6.62174
6.62234
6.62306
6.62285
6.62321
6.62491
6.6255
6.62528
6.62571
6.62543
6.62593
6.62715
6.62781
6.62686
6.62616
6.62559
6.62538
6.6251
6.62535
6.62439
6.62568
6.62619
6.62686
6.62632
6.62479
6.62568
6.62659
6.62365
6.62389
6.6217
6.62098
6.62195
6.62145
6.62065
6.62044
6.62079
6.62089
6.62107
6.62159
6.62155
6.62213
6.62297
6.62472
6.62366
6.62249
6.62299
6.62241
6.63174
6.63231
6.63348
6.63467
6.63591
