60
25.0125
22.1006
20.9015
20.197
19.6777
19.323
19.0897
18.912
18.7728
18.6625
18.5732
18.4988
18.4273
18.3643
18.306
18.2483
18.1922
18.1595
18.1274
18.1075
18.0926
18.0623
18.0447
18.0222
18.0077
17.9879
17.9713
17.9493
17.9218
17.907
17.8936
17.8834
17.8799
17.8684
17.8597
17.857
17.8417
17.8244
17.8099
17.8023
17.7944
17.7834
17.7739
17.7602
17.7462
17.739
17.7261
17.7074
17.7028
17.697
17.6862
17.6727
17.6682
17.651
17.6449
17.6328
17.6214
17.6169
17.6114
17.3985
17.4227
17.4063
17.3905
17.3777
17.3664
17.3653
17.3553
17.3454
17.3344
17.3274
17.3136
17.3118
17.3354
17.3871
17.45
17.5378
17.6397
17.7486
17.8679
17.9924
18.1296
18.2812
18.2721
18.4456
18.6201
18.8089
18.9996
19.2004
19.4048
19.6177
19.8306
20.05
20.2636
20.4906
20.7161
20.9477
21.1929
21.4413
21.6989
21.9527
22.2046
22.4882
22.7722
23.0635
23.3649
23.6609
23.9778
24.3042
24.6291
24.9546
25.2976
25.6636
26.0277
26.4189
26.8006
27.19
27.6195
28.0632
28.5198
29.0059
29.5106
30.0395
30.6012
31.175
31.7822
32.3844
33.0329
33.7017
34.4206
35.1209
35.8962
36.673
37.3605
37.9467
38.517
38.9807
39.39
39.765
40.1087
40.4219
40.6775
40.9136
41.9532
42.0774
42.1969
42.265
42.3495
42.4068
42.4744
42.5297
42.5706
42.6005
42.7091
42.7588
42.84
42.9398
42.9997
43.0581
43.1403
43.2137
43.3053
43.3636
43.4274
43.4796
43.5248
43.5801
43.677
43.7594
43.7831
43.8703
43.9521
43.9991
44.0491
44.098
44.1797
44.2987
44.3209
44.3302
44.3261
44.3492
44.3491
44.3441
44.3041
44.2604
44.2519
44.2153
44.1643
44.1584
44.0975
44.13
44.0882
44.0307
44.0144
43.9688
43.8709
43.8186
43.7411
43.6587
43.5602
43.5052
43.4413
43.3512
43.2566
43.2113
43.1624
43.1045
43.0623
43.0039
42.9953
42.9548
42.9831
42.9837
42.9403
42.952
42.9347
42.8432
42.8167
42.784
42.7742
42.742
42.7256
42.6751
42.6323
42.6045
42.5807
42.5798
42.5261
42.4929
42.4978
42.4695
42.4629
42.4461
42.4437
42.4749
42.4684
42.4552
42.4664
42.5106
42.5057
42.4628
42.4505
42.4237
42.4291
42.4383
42.4124
42.4248
42.4248
42.4353
42.4539
42.4115
42.436
42.4206
42.4061
42.4053
42.4289
42.4332
42.4556
42.5022
42.5287
42.5392
42.5389
42.5564
42.6135
42.6069
42.6132
42.6533
42.6295
42.665
42.6185
42.6388
42.5767
42.5622
42.536
42.5043
42.5113
42.5081
42.5356
42.5596
42.5059
42.5328
42.5183
42.5148
42.4979
42.4865
42.4684
42.4604
42.0126
42.0064
42.0172
42.0088
41.9768
41.9792
41.9631
41.9456
41.9147
41.8992
41.8821
41.8225
41.8329
41.8404
41.8544
41.872
41.8854
41.867
41.8312
41.7916
41.7823
41.7471
41.7225
41.7048
41.6618
41.66
41.5945
41.5903
41.5789
41.5518
41.5308
41.4637
41.4447
41.3915
41.3754
41.3446
41.275
41.2342
41.2098
41.1585
41.183
41.1372
41.1413
41.0564
41.0403
40.9886
40.9502
40.9039
40.8635
40.8154
40.7561
40.7147
40.7097
40.6359
40.6273
40.5986
40.5892
40.565
40.5601
40.495
40.8758
40.838
40.7913
40.7681
40.773
40.749
40.7124
40.6576
40.6477
40.6057
40.5859
40.5408
40.5141
40.4488
40.422
40.3853
40.3061
40.2577
40.2548
40.2151
40.176
40.1188
40.0547
40.0331
39.9839
39.9109
39.8858
39.813
39.7487
39.7094
39.6823
39.6647
39.6286
39.5909
39.5544
39.5255
39.5418
39.5416
39.5371
39.5381
39.5265
39.5116
39.4969
39.4891
39.4818
39.469
39.459
39.4339
39.3754
39.4054
39.3922
39.402
39.3718
39.3645
39.3237
39.3166
39.2805
39.2886
39.2815
39.299
39.2877
39.3108
39.2998
39.2939
39.2673
39.2607
39.2403
39.2437
39.2315
39.2329
39.2513
39.2521
39.2464
39.2647
39.2828
39.2724
39.2709
39.2906
39.2795
39.3058
39.3456
39.3794
39.4177
39.4333
39.4754
39.5439
39.5843
39.6237
39.6758
39.7094
39.7461
39.8096
39.8443
39.9046
39.9339
40.0017
40.0323
40.0506
40.0612
40.0656
40.0386
39.4725
39.5047
39.5367
39.5643
39.6059
39.6528
39.6931
39.769
39.7646
39.8304
39.8552
39.8743
39.9267
39.9775
40.0121
40.0323
40.0832
40.1322
40.218
40.2767
40.3372
40.4383
40.5131
40.5808
40.6672
40.749
40.8045
40.8548
40.9202
40.9256
40.9859
41.0135
41.0642
41.0502
41.1115
41.1749
41.2331
41.3198
41.3551
41.3973
41.4433
41.4772
41.5463
41.6006
41.6285
41.6865
41.7327
41.8017
41.8596
41.8723
41.8973
41.9368
41.9841
42.0619
42.0966
42.1413
42.2074
42.2595
42.3128
42.3863
43.1347
43.2222
43.2716
43.306
43.3875
43.3847
43.4408
43.4944
43.5941
43.6129
43.7161
43.7849
43.8176
43.9181
43.9319
44.0096
44.0708
44.1083
44.0847
44.1422
44.1262
44.0752
44.1104
44.144
44.111
44.1326
44.1877
43.5507
43.5637
43.596
43.643
43.6717
43.6858
43.7596
43.7814
43.7955
43.81
43.8259
43.8403
43.8718
43.8797
43.8958
43.9048
43.9297
43.9506
43.9778
43.9558
43.9811
43.9407
43.9654
44.0076
44.0563
44.0628
44.0688
44.1054
44.1069
44.1321
44.1694
44.2154
44.2159
44.2532
44.2382
44.239
44.2939
44.2233
44.2337
44.2894
44.2735
44.2317
44.2801
44.227
44.2403
44.2706
44.2392
44.2581
44.2746
44.252
44.2322
44.3202
44.3097
44.3043
44.3182
44.3185
44.3049
44.2987
44.3014
44.2934
44.9898
45.0155
45.0239
45.0363
45.0118
45.043
45.0005
45.0305
45.0736
45.1151
45.1191
45.1595
45.1467
45.2035
45.231
45.2115
45.2188
45.2189
45.1821
45.2723
45.2492
45.2982
45.3401
45.3015
45.2524
45.2643
45.2482
45.213
45.1896
45.1722
45.1359
45.122
45.1196
45.0624
45.0442
45.048
44.983
45.0316
45.0277
45.0309
45.0271
45.0565
44.9996
45.0135
44.9854
45.0026
44.9672
44.9568
44.9859
44.9805
44.9857
44.9553
44.9194
44.9332
45.004
44.9782
44.9625
45.044
44.998
44.9601
44.9862
44.9886
45.0199
45.0013
45.0827
45.0979
45.1279
45.1241
45.0835
45.0433
45.0524
45.0597
45.0038
44.9475
44.943
44.9356
44.9383
44.956
44.978
44.9517
44.9441
44.9356
44.9534
44.96
44.9801
44.9748
44.9626
44.9477
44.9588
44.9274
44.9113
44.9129
44.9092
44.9453
44.949
44.9439
45.0269
44.9897
45.0215
45.0417
45.0458
45.0469
45.0517
45.0762
45.1268
45.108
45.2001
45.2199
45.184
45.2183
45.2468
45.2088
45.2271
45.2709
45.2059
45.1846
45.2169
45.1663
45.1825
45.2346
44.521
44.5515
44.5457
44.5406
44.5784
44.582
44.5902
44.5243
44.5452
44.5838
44.5818
44.5712
44.603
44.6037
44.6402
44.6469
44.6257
44.6341
44.6231
44.5769
44.5629
44.5474
44.4662
44.4386
44.4404
44.4547
44.4795
44.4703
44.4931
44.5323
44.554
44.5616
44.5467
44.5187
44.5232
44.5478
44.4898
44.5074
44.5371
44.5011
44.5498
44.5697
44.5753
44.5876
44.52
44.5071
44.4948
44.4832
44.4981
44.4431
44.4499
44.4614
44.4602
44.4532
44.4494
44.4566
44.4584
44.4535
44.4909
44.492
45.186
45.129
45.1257
45.1142
45.0285
45.0152
44.9889
45.0436
45.0716
45.0496
45.0106
45.0004
45.0149
45.0387
45.0172
45.0154
45.0031
44.9889
44.981
45.0086
45.0282
45.0396
45.1261
45.1406
45.1277
45.1434
45.0973
45.0868
45.0971
45.0693
44.6931
44.6581
44.709
44.7429
44.7515
44.7711
44.8001
44.8268
44.7936
44.7697
44.7061
44.6627
44.6543
44.584
44.6669
44.6742
44.6111
44.6131
44.6091
44.6184
44.6226
44.604
44.5935
44.6063
44.6005
44.5974
44.62
44.6063
44.5576
44.55
44.5237
44.5245
44.5155
44.5279
44.5185
44.5214
44.5242
44.5207
44.5417
44.5141
44.4938
44.5159
44.5314
44.5263
44.5146
44.5369
44.5491
44.5731
44.588
44.579
44.6118
44.6118
44.5535
44.5892
44.587
44.5263
44.5299
44.5351
44.478
44.4743
44.7871
44.8054
44.7575
44.6934
44.6518
44.5915
44.585
44.5291
44.4792
44.4702
44.4743
44.4676
44.4764
44.4888
44.4456
44.4349
44.4371
44.4246
44.4271
44.4268
44.3812
44.3766
44.3349
44.2966
44.2947
44.2632
44.1734
44.1571
43.2398
43.1927
43.148
43.1602
43.103
43.051
43.0461
43.0006
42.9772
42.9468
42.8688
42.873
42.8668
42.847
42.8004
42.7309
42.7113
42.6562
42.6547
42.5806
42.4857
42.4779
42.3692
42.309
42.2825
42.2253
42.1838
42.1552
42.1187
42.0897
42.0423
42.0055
42.0135
41.956
41.9544
41.9588
41.9727
41.9599
41.8938
41.8978
41.8982
41.8587
41.8071
41.7788
41.7448
41.7305
41.7202
41.6599
41.6402
41.6299
41.5902
41.5749
41.5402
41.536
41.5516
41.4998
41.4775
41.4489
41.4172
41.3765
42.1803
42.1477
42.1449
42.0792
42.0829
42.0465
42.0056
41.9623
41.9036
41.8647
41.8343
41.8195
41.8168
41.791
41.7813
41.8388
41.798
41.7679
41.7161
41.6949
41.7237
41.696
41.7175
41.7229
41.4195
41.4044
41.3942
41.401
41.4001
41.3559
41.3621
41.3293
41.298
41.2824
41.2458
41.1928
41.1262
41.1036
41.1024
41.0578
41.0473
41.0184
41.0238
40.9675
40.9561
40.8985
40.8554
40.8677
40.8438
40.793
40.7608
40.7252
40.7176
40.6888
40.6376
40.6482
40.6151
40.607
40.6103
40.6262
40.6153
40.6284
40.6073
40.6141
40.5889
40.6251
40.6247
40.6382
40.6526
40.6796
40.7091
40.7037
40.7154
40.7157
40.756
40.7234
40.7158
40.7401
40.7229
40.7403
40.7588
40.7753
40.7718
40.7699
41.0544
41.0419
41.0741
41.0534
41.0608
41.1051
41.1597
41.2038
41.2167
41.246
41.245
41.2913
41.3062
41.3552
41.3495
41.3777
41.3956
41.4198
41.4286
41.4815
41.4907
41.5291
40.8415
40.8597
40.8914
40.921
40.9983
41.0265
41.0308
41.0485
41.0771
41.1136
41.1619
41.1744
41.2084
41.2075
41.2512
41.2516
41.3219
41.3409
41.358
41.3503
41.3588
41.3849
41.4185
41.424
41.4282
41.4257
41.4387
41.4307
41.3965
41.4146
41.4361
41.4536
41.5063
41.5135
41.5338
41.5146
41.5497
41.5855
41.6082
41.6595
41.656
41.6998
41.7328
41.7354
41.7404
41.752
41.8424
41.8639
41.8918
41.9303
41.9748
41.9617
42.0269
42.0835
42.1415
42.2172
42.28
42.3408
42.4083
42.4642
43.2505
43.3036
43.313
43.3654
43.3669
43.3341
43.3591
43.3651
43.4086
43.4654
43.4714
43.5284
43.6024
43.6003
43.6061
43.6663
43.6817
43.7241
43.7903
43.835
43.8452
43.882
43.8994
43.9245
43.9469
43.9702
44.0215
43.6898
43.7272
43.7594
43.8069
43.8536
43.8514
43.9464
43.9522
44.0004
44.0532
44.058
44.0778
44.1228
44.122
44.1319
44.1848
44.2299
44.2008
44.2509
44.2518
44.2835
44.3491
44.3218
44.3291
44.4237
44.414
44.4351
44.4232
44.4054
44.3859
44.3992
44.365
44.3742
44.3763
44.3924
44.4408
44.475
44.535
44.6281
44.7044
44.7526
44.8144
44.7948
44.8402
44.8679
44.8831
44.9668
45.0025
45.037
45.0726
45.0716
45.1365
45.1371
45.207
45.2293
45.3168
45.3457
45.3694
45.4387
45.4543
45.9041
45.9515
45.9896
46.0641
46.1021
46.1773
46.1655
46.2649
46.3461
46.3418
46.4054
46.4797
46.465
46.5415
46.6601
46.6048
46.6643
46.7312
46.7758
46.758
46.7304
46.7136
46.7739
46.7876
46.6982
46.6718
46.5844
46.545
46.5048
46.4488
46.4042
46.3646
46.3455
46.3475
46.2808
46.2503
46.2341
46.1567
46.1884
46.1831
46.179
46.1742
46.1123
46.0961
46.1518
46.1367
46.1295
46.1406
46.1525
46.1381
46.1209
46.0913
46.1012
46.0892
46.0269
45.9523
45.9206
45.9106
45.868
45.804
45.7614
45.7141
45.6655
45.6269
45.5671
45.5327
45.5574
45.5267
45.4992
45.5046
45.5469
45.5506
45.5757
45.5891
45.583
45.6361
45.644
45.658
45.6424
45.6699
45.7207
45.7249
45.7684
45.7874
45.8304
45.8614
45.9087
45.9647
46.0028
46.123
46.1766
46.2444
46.2931
46.3655
46.4423
46.4668
46.5391
46.5563
46.5406
46.5449
46.6076
46.5792
46.6327
46.6537
46.5886
46.5584
46.5264
46.4947
46.3996
46.3205
46.2997
46.1771
46.1323
46.0806
46.1116
46.0677
46.0216
45.9628
45.8943
45.8785
45.8446
45.8146
45.8224
45.7931
45.8138
45.804
45.7362
45.7119
45.6802
45.6478
45.6041
45.5723
45.5369
45.4929
45.3908
45.3563
45.2803
45.2772
45.2325
45.1693
45.1426
45.1448
45.1004
45.1217
45.1141
45.0929
45.1651
45.0961
45.0768
45.0148
44.9865
44.9537
44.902
44.8543
44.7649
44.7368
44.6184
44.5668
44.518
44.437
44.3415
44.2976
44.2583
44.2423
44.2153
44.1928
44.2341
44.2541
44.2752
44.3383
44.3781
44.4611
44.5344
44.5926
44.5911
44.6454
44.7246
44.7835
44.9091
44.9105
44.9627
45.0512
45.0196
45.0243
45.0128
45.0274
45.0132
44.9998
45.0339
45.0318
45.0015
44.9968
44.9547
44.9498
44.9873
45.0314
45.0855
45.0948
45.0901
45.0909
45.1217
45.0666
45.0096
44.9451
44.9036
44.8814
44.7995
44.8085
44.7862
44.746
44.7124
44.6922
44.6708
44.7013
44.6561
44.6038
44.613
44.593
44.5855
44.5976
44.5712
44.5776
44.5546
44.5588
44.5553
44.5108
44.481
44.4516
44.4269
44.4053
44.386
44.4229
44.3357
44.2888
44.311
44.331
44.3087
44.3483
44.2829
44.3295
44.3214
44.3095
44.3693
44.3909
44.4105
44.4426
44.4584
44.4686
44.4606
44.4639
44.4645
44.4435
44.4602
44.444
44.4268
44.3783
44.3344
44.3088
44.2967
44.3012
44.2811
44.3206
44.3731
44.4069
44.4693
44.5162
44.5878
44.6255
44.67
44.7726
44.7921
44.8019
44.879
44.827
44.9255
44.9702
45.0452
45.1222
45.1411
45.2037
45.2858
45.327
45.4387
45.4556
45.4861
45.5467
45.6058
45.6686
45.7262
45.756
45.8008
45.7889
45.8612
45.9275
45.9294
45.8914
45.8852
45.8231
45.7979
45.7748
45.7551
45.6675
45.6386
45.6029
45.0214
44.9732
44.9807
44.9928
45.0036
44.9979
45.0066
45.0642
45.1024
45.1207
45.1523
45.1429
45.14
45.1491
45.1581
45.1533
45.1651
45.1298
45.0911
45.1288
45.1044
45.1119
45.0606
45.0926
45.0913
45.0387
45.0848
45.0907
45.0394
45.1166
45.1281
45.1192
45.0898
45.0461
44.9865
44.8975
44.8025
44.7509
44.6171
44.529
44.5019
44.4417
44.3623
44.281
44.2827
44.2316
44.2042
44.2051
44.1915
44.1523
44.1981
44.1803
44.1934
44.2109
44.2679
44.2736
44.2705
44.3213
44.3242
44.3193
44.8636
44.8237
44.8029
44.7728
44.6908
44.7139
44.696
44.6303
44.6333
44.65
44.5695
44.6408
44.6603
44.6561
44.6808
44.7388
44.7348
44.7831
44.8575
44.8332
44.8297
44.8519
44.9134
44.8942
44.8959
44.9185
44.9028
44.8958
44.9271
44.8386
44.2131
44.2257
44.1952
44.1883
44.2341
44.2497
44.3221
44.2872
44.3067
44.3323
44.3231
44.3312
44.3344
44.367
44.3655
44.4134
44.371
44.3594
44.3585
44.3783
44.3531
44.384
44.3757
44.4268
44.4005
44.4507
44.4968
44.5352
44.5718
44.6149
44.6175
44.6869
44.7265
44.7137
44.7721
44.7386
44.7268
44.7351
44.6946
44.6518
44.6759
44.5834
44.6107
44.5711
44.531
44.5334
44.5147
44.4935
44.4853
44.4412
44.4253
44.394
44.3633
44.3473
44.3444
44.3536
44.3523
44.3465
44.3252
44.3634
44.9705
44.996
45.0087
45.0079
45.0507
45.1184
45.1098
45.2354
45.2834
45.2925
45.3148
45.3591
45.3582
45.3665
45.3235
45.2572
45.2799
45.1871
45.1334
45.0588
44.9658
44.9225
44.846
44.7441
44.6894
44.6389
44.5861
44.5367
44.5094
44.055
44.0203
43.9861
43.9928
44.025
44.0069
44.0333
44.0467
44.0386
44.0692
44.0929
44.0986
44.1414
44.1149
44.1317
44.1629
44.1232
44.1157
44.1284
44.0698
44.095
44.1343
44.1177
44.0919
44.1468
44.148
44.0959
44.1051
44.1469
44.1398
44.1944
44.2007
44.1807
44.2149
44.237
44.1788
44.1609
44.1247
44.0215
43.9895
43.9665
43.9824
43.9324
43.9076
43.8985
43.8877
43.8827
43.8886
43.9413
43.9937
44.077
44.1275
44.2042
44.2525
44.2567
44.3235
44.345
44.3579
44.4161
44.4133
44.8433
44.8836
44.902
44.8817
44.8656
44.8784
44.8896
44.8981
44.9066
44.8748
44.8797
44.8786
44.8916
44.9084
44.9222
44.9366
44.9545
45.0055
44.9915
45.0033
44.993
44.9704
44.9493
44.9877
44.9144
44.8908
44.9346
44.87
44.7955
43.798
43.7661
43.777
43.7719
43.7518
43.6986
43.7281
43.6875
43.6782
43.6922
43.6785
43.68
43.6264
43.6472
43.6848
43.646
43.692
43.7153
43.6899
43.6986
43.6847
43.6317
43.6434
43.5954
43.6231
43.6887
43.711
43.6945
43.7493
43.7268
43.7438
43.7377
43.7635
43.777
43.7455
43.7991
43.8013
43.765
43.8121
43.814
43.8293
43.8498
43.8821
43.8819
43.8449
43.8585
43.8653
43.8627
43.8681
43.9031
43.9396
43.9767
43.9876
44.0192
44.0197
44.123
44.1586
44.1711
44.2368
44.3367
45.3658
45.3288
45.3114
45.3231
45.2799
45.3948
45.4026
45.4287
45.4601
45.4674
45.5135
45.5897
45.5884
45.5777
45.569
45.5755
45.5546
45.5524
45.5636
45.5497
45.5243
45.5121
45.5112
45.5132
45.5344
45.4631
45.395
45.4303
45.3939
44.4927
44.4805
44.515
44.5462
44.5451
44.6029
44.596
44.6714
44.731
44.7364
44.7641
44.8382
44.8112
44.7921
44.7917
44.8565
44.8593
44.8215
44.8396
44.8003
44.7563
44.7619
44.7259
44.7271
44.7298
44.7185
44.6384
44.605
44.5836
44.5866
44.5388
44.5632
44.5712
44.5513
44.5894
44.6621
44.6381
44.6436
44.6554
44.6791
44.703
44.7301
44.7052
44.6671
44.6943
44.6963
44.7533
44.7691
44.794
44.8303
44.8447
44.8536
44.8951
44.8608
44.8462
44.8159
44.8383
44.8499
44.8008
44.7234
45.5679
45.5092
45.4507
45.3468
45.2324
45.1006
44.9791
44.8403
44.7229
44.6579
44.5938
44.4668
44.4486
44.42
44.4076
44.2737
44.1961
44.161
44.1116
44.0896
44.1163
44.0287
44.05
44.033
44.017
44.0205
44.0137
43.9886
44.0141
43.9892
43.9821
43.9556
43.9948
44.0369
43.991
43.9405
43.9177
43.9033
43.9301
43.9453
43.9925
44.0321
44.0834
44.1897
44.2521
44.3324
44.3846
44.3834
44.3757
44.3878
44.3874
44.394
44.4094
44.4167
44.4208
44.4405
44.4274
44.4753
44.4487
44.5074
44.5966
44.6238
44.6446
44.6792
44.7892
44.8887
44.9805
45.0511
45.1217
45.1423
45.2193
45.294
45.3325
45.4282
45.3988
45.5089
45.5694
45.6733
45.6918
45.6863
45.6688
45.775
45.8111
45.8539
45.9151
45.9066
45.9118
46.0087
45.9395
45.9431
45.9972
45.9883
45.9546
45.9548
45.974
45.9608
45.9331
45.9525
45.9278
45.8913
45.8357
45.7268
45.6409
45.6125
45.5248
45.4593
45.3678
45.338
45.3188
45.2603
45.2379
45.2375
45.1943
45.2136
45.2051
45.1655
45.1963
45.1445
45.207
45.1858
45.0063
45.0475
45.0642
45.0331
45.0243
45.0072
44.9975
45.0136
45.0357
45.0419
45.0694
45.0125
45.0122
44.9801
45.0524
45.0642
45.094
45.1314
45.1682
45.2449
45.2956
45.2875
45.3308
45.2976
45.2972
45.3036
45.3291
45.2994
45.323
45.3613
45.3498
45.3432
45.3796
45.3658
45.3637
45.3814
45.4474
45.4358
45.4348
45.476
45.4513
45.5082
45.5917
45.6246
45.6722
45.7499
45.7721
45.7685
45.7661
45.7984
45.8088
45.8403
45.8908
45.8842
45.96
45.9922
46.0094
46.0376
46.0072
46.0142
46.1269
46.1124
46.0969
46.154
46.1554
46.1559
46.1505
46.1431
46.1193
46.1027
46.0425
46.0714
46.0402
46.0264
46.0093
46.0064
46.0508
45.9653
45.9392
45.8852
45.8656
45.8481
45.7492
45.8035
45.7219
45.6845
45.7057
45.6662
45.6459
45.6353
45.5734
45.5788
44.6518
44.6408
44.6269
44.6184
44.5862
44.6132
44.6066
44.5483
44.5738
44.5443
44.497
44.4645
44.4208
44.3618
44.3428
44.3231
44.3152
44.3013
44.3022
44.2734
44.2107
44.2272
44.1803
44.1466
44.1152
44.0635
44.0163
44.0142
43.999
43.972
43.9474
43.8803
43.8513
43.8244
43.8344
43.781
43.7105
43.6524
43.6236
43.6255
43.6439
43.5966
43.5947
43.5534
43.4491
43.4681
43.44
43.4238
43.431
43.4046
43.416
43.3761
43.4399
43.4315
43.3823
43.4161
43.4399
43.4041
43.4641
43.4859
44.335
44.391
44.4154
44.47
44.4611
44.4836
44.5226
44.5588
44.6221
44.6604
44.6775
44.6857
44.7717
44.7884
44.8121
44.908
44.9755
45.0393
45.0594
45.1179
45.1668
45.1872
45.2601
45.3053
45.3368
45.3855
45.4666
45.4908
45.5031
45.5435
45.1493
45.1831
45.1993
45.2485
45.2175
45.2244
45.3078
45.3497
45.3881
45.3747
45.3472
45.4152
45.3624
45.3394
45.3924
45.3597
45.3751
45.4042
45.3733
45.3513
45.3693
45.3478
45.3007
45.3417
45.3513
45.3538
45.3607
45.4109
45.4145
45.4189
45.4742
45.4271
45.4361
45.4147
45.4547
45.4136
45.3937
45.4264
45.3658
45.3509
45.3323
45.3755
45.3586
45.3286
45.3439
45.3173
45.2962
45.3202
45.3258
45.3193
45.3376
45.3412
45.2821
45.2707
45.3158
45.3259
45.3305
45.3512
45.3941
45.3655
45.7839
45.8297
45.8427
45.8289
45.8909
45.9235
45.9196
46.0133
46.0318
46.0582
46.0675
46.0613
46.1036
46.1265
46.1106
46.0961
46.0637
46.0117
45.9993
46.0133
45.9853
45.9645
45.9793
45.9706
45.9365
45.9315
45.8805
45.8182
45.7998
45.7477
45.6541
45.147
45.0914
45.0278
44.966
44.9263
44.8797
44.7977
44.7742
44.8031
44.7724
44.703
44.6918
44.6762
44.6105
44.5514
44.4907
44.4287
44.3989
44.3171
44.2668
44.1737
44.1777
44.1254
44.0213
43.9927
43.9382
43.8742
43.8325
43.8269
43.8517
43.8453
43.8347
43.8327
43.8188
43.8031
43.779
43.7203
43.6772
43.6608
43.6906
43.6558
43.6534
43.6807
43.698
43.7111
43.7737
43.8347
43.8559
43.9259
43.9239
43.9646
43.9728
43.9845
44.0324
43.9984
44.0571
44.0865
44.0822
44.1592
44.1529
44.6202
44.6687
44.7647
44.8063
44.8327
44.9395
45.0229
45.0936
45.104
45.1969
45.2532
45.2612
45.2943
45.3861
45.452
45.5121
45.6006
45.6764
45.7663
45.8349
45.9396
45.9651
46.0846
46.1628
46.2464
46.3329
46.4345
46.5036
46.5856
46.6182
46.6237
46.6617
46.757
46.763
46.8065
46.8555
46.9112
46.9606
46.9943
46.9874
47.0278
47.0186
47.0138
47.0338
47.043
47.0085
47.038
47.032
46.9706
46.9825
46.9876
46.9821
46.9551
46.9626
46.9873
46.9568
46.9726
46.9613
46.898
47.0014
47.0312
47.0046
46.9582
46.9725
46.9981
46.9121
46.902
46.8808
46.8544
46.7985
46.7775
46.7836
46.7933
46.7937
46.786
46.8014
46.7843
46.7546
46.7372
46.706
46.7195
46.7187
46.6862
46.6963
46.6931
46.675
46.6446
46.6755
46.6247
46.6209
46.6356
46.6967
46.6346
46.6618
46.6833
46.7583
46.8278
46.8942
46.9414
47.0313
47.0845
47.1811
47.3072
47.36
47.4548
47.4997
47.5164
47.5987
47.7157
47.8075
47.8625
47.9109
47.9941
48.0625
48.1549
48.2394
48.2606
48.3484
48.4473
48.4199
48.5019
48.6078
48.6859
48.779
48.8372
48.9331
47.7688
47.7991
47.8377
47.8581
47.8755
47.8635
47.8901
47.8348
47.8037
47.8378
47.7199
47.6747
47.6724
47.67
47.5983
47.5869
47.5549
47.4694
47.4456
47.4038
47.3498
47.2902
47.2454
47.1832
47.1579
47.0384
47.0061
46.9334
46.8755
46.7092
46.5446
46.3929
46.2798
46.16
46.0261
45.9043
45.7095
45.5949
45.4841
45.4233
45.356
45.2576
45.1411
45.0598
44.9821
44.8781
44.753
44.6006
44.4396
44.3134
44.2108
44.1069
43.9881
43.9243
43.791
43.7044
43.5818
43.4432
43.3537
43.2456
44.1018
44.016
43.905
43.8526
43.7806
43.7667
43.6881
43.6582
43.641
43.57
43.5486
43.5492
43.4926
43.4625
43.4231
43.3685
43.341
43.3458
43.3381
43.3208
43.3248
43.2921
43.2931
43.2918
43.2689
43.268
43.276
43.2935
43.2982
43.356
43.3846
43.4246
43.4343
43.4581
43.4959
43.534
43.613
43.6377
43.6424
43.6613
43.6374
43.649
43.6776
43.6533
43.6529
43.7213
43.7545
43.8316
43.9261
43.9952
44.0391
44.0791
44.1436
44.164
44.2518
44.2571
44.3073
44.3548
44.4065
44.442
44.4987
44.5524
44.6202
44.6519
44.7356
44.7423
44.7763
44.8356
44.8518
44.8601
44.9353
44.9429
44.9764
44.997
45.0955
45.1648
45.2795
45.3795
45.3926
45.4349
45.5037
45.5343
45.5787
45.6316
45.6932
45.7314
45.7573
45.7556
45.7711
45.7907
45.7852
45.8296
45.8876
45.903
45.9951
45.9625
45.984
46.0201
46.0969
46.0936
46.1242
46.1522
46.1733
46.2085
46.2322
46.2497
46.2903
46.294
46.2869
46.254
46.2547
46.2547
46.2626
46.2766
46.2545
46.2953
46.3252
46.3312
46.3116
46.3326
45.5799
45.5929
45.6096
45.6152
45.6381
45.6473
45.66
45.7038
45.6607
45.6763
45.703
45.7148
45.7256
45.6979
45.6582
45.6149
45.5381
45.4829
45.4415
45.4216
45.3676
45.332
45.2209
45.1671
45.0439
45.0213
44.9491
44.9695
44.9024
44.8378
44.8259
44.7607
44.7192
44.7041
44.616
44.6127
44.5735
44.5198
44.4476
44.4807
44.4722
44.4467
44.4334
44.4349
44.4201
44.4382
44.4258
44.3836
44.3975
44.4322
44.4739
44.4934
44.5189
44.5617
44.5859
44.5643
44.5695
44.5779
44.5951
44.6444
45.3447
45.3331
45.3211
45.3248
45.2855
45.2796
45.303
45.285
45.343
45.4037
45.3989
45.409
45.4046
45.4648
45.4705
45.4906
45.5474
45.555
45.5613
45.5751
45.6225
45.6618
45.76
45.8188
45.8985
45.911
46.0251
45.9991
46.0511
46.0915
46.1559
45.5257
45.5544
45.5877
45.5743
45.5887
45.5983
45.6152
45.6219
45.6131
45.6282
45.6201
45.5749
45.5264
45.514
45.4521
45.4663
45.515
45.5389
45.5466
45.5254
45.5224
45.4588
45.4236
45.3885
45.3876
45.3497
45.3152
45.2938
45.2379
45.2841
45.3307
45.3292
45.2889
45.3267
45.2926
45.2501
45.2737
45.2575
45.1909
45.1566
45.1629
45.1601
45.1458
45.1748
45.1794
45.103
45.1077
45.1126
45.0922
45.0974
45.0533
45.0262
45.0464
45.0349
45.0336
44.9902
45.0234
45.029
45.0625
45.057
45.7405
45.7377
45.6925
45.7323
45.7168
45.7016
45.6983
45.6739
45.6752
45.6595
45.6727
45.6471
45.6719
45.6733
45.7401
45.7092
45.6567
45.583
45.536
45.5126
45.5114
45.5165
45.4768
45.499
45.4242
45.3855
45.4026
45.3601
45.3155
45.25
44.3158
44.279
44.3139
44.1941
44.1771
44.1766
44.0756
44.0434
44.0127
43.9751
43.9384
43.9077
43.8821
43.7631
43.7057
43.6975
43.6102
43.6024
43.5834
43.4832
43.4775
43.4532
43.3554
43.3197
43.262
43.2083
43.1359
43.0689
43.0063
42.9302
42.8585
42.8105
42.8421
42.7946
42.7814
42.7764
42.7446
42.7352
42.7008
42.6786
42.6966
42.664
42.6524
42.644
42.6056
42.5902
42.6061
42.6132
42.6223
42.6641
42.6392
42.627
42.6435
42.6279
42.6635
42.7004
42.7112
42.7745
42.8772
42.9716
43.8345
43.8948
43.9569
44.0127
44.0488
44.0514
44.1331
44.1929
44.2161
44.2729
44.2963
44.3109
44.3441
44.4363
44.4482
44.4523
44.5257
44.5201
44.5592
44.633
44.6723
44.7822
44.8547
44.9104
44.9645
45.0565
45.1229
45.1724
44.2384
44.3025
44.3533
44.4045
44.3794
44.406
44.4165
44.4316
44.4893
44.5195
44.5707
44.6187
44.6048
44.6983
44.7193
44.7201
44.7326
44.7315
44.7375
44.7793
44.7601
44.722
44.678
44.7124
44.72
44.7569
44.7456
44.7363
44.7034
44.6774
44.5768
44.5702
44.4875
44.4411
44.4282
44.4073
44.4283
44.4341
44.4189
44.3664
44.3847
44.3903
44.3908
44.4036
44.4369
44.4582
44.4847
44.5629
44.5939
44.6464
44.6535
44.6971
44.7047
44.6656
44.6952
44.7329
44.7834
44.7479
44.7344
44.7844
45.8062
45.8066
45.8783
45.9303
45.9651
46.0244
46.1293
46.1586
46.1672
46.1984
46.2507
46.184
46.1807
46.1763
46.2202
46.2807
46.2533
46.3359
46.3625
46.3684
46.4237
46.5071
46.5852
46.5983
46.6319
46.6234
46.6801
46.6962
46.7739
46.7108
46.7342
46.7573
45.913
45.9918
45.9235
45.9556
45.9885
46.0209
46.0015
46.0173
46.0275
45.9995
45.9926
46.0076
45.9671
45.9293
45.9164
45.8417
45.7776
45.7319
45.6827
45.5934
45.5727
45.5127
45.493
45.3889
45.3012
45.2529
45.187
45.1103
45.0659
44.9898
44.8757
44.7973
44.7571
44.698
44.5931
44.5161
44.4639
44.3787
44.2793
44.2773
44.2539
44.2247
44.1346
44.1268
44.0794
43.9808
43.9395
43.8684
43.7987
43.6896
43.6093
43.5669
43.4952
43.4116
43.3811
43.347
43.3005
43.3164
43.2758
43.2129
43.9874
43.9069
43.9039
43.8862
43.8824
43.8556
43.864
43.8925
43.9152
43.9468
43.9661
44.0209
44.0172
44.0079
44.0006
44.0189
44.0412
44.0339
44.0635
44.0816
44.0825
44.1241
44.0702
44.1128
44.178
44.2323
44.3042
44.3618
44.4023
44.4666
44.5488
44.5729
44.5947
44.5982
44.665
44.7191
44.7425
44.8323
44.845
44.8933
44.9737
45.0188
45.0749
45.0566
45.1358
45.2204
45.2665
45.3726
45.4318
45.5075
45.5864
45.669
45.7781
45.9043
45.9342
46.0259
46.0468
46.109
46.1826
46.2284
46.2771
46.3385
46.3756
46.4346
46.4187
46.4288
46.4833
46.518
46.4973
46.4682
46.4744
46.4272
46.4392
46.4732
46.5406
46.563
46.5915
46.6225
46.6358
46.6502
46.705
46.7149
46.7364
46.821
46.7857
46.7754
46.7525
46.771
46.7763
46.7599
46.7569
46.7621
46.735
46.7847
46.7137
46.6744
46.7269
46.6667
46.6589
46.6698
46.6079
46.5708
46.5202
46.5176
46.5035
46.4873
46.5104
46.4477
46.4565
46.47
46.4772
46.3999
46.3234
46.2653
46.2378
46.1873
46.183
46.1562
46.1161
46.0801
46.0255
45.1213
45.0803
45.0976
45.0852
45.0658
45.0493
44.9602
44.9262
44.9593
44.8855
44.838
44.8598
44.8555
44.8095
44.8184
44.7867
44.7809
44.765
44.7836
44.7293
44.6955
44.7189
44.6673
44.6849
44.7485
44.7891
44.7817
44.7855
44.8251
44.8091
44.8083
44.8686
44.8036
44.8022
44.8873
44.8333
44.855
44.8552
44.8585
44.8813
44.8993
44.9903
45.0092
45.0122
45.0009
45.0102
45.0232
44.9953
44.9951
44.9827
44.9828
45.038
45.0187
45.0226
45.0312
45.0342
45.0543
45.053
45.0649
45.0981
45.9725
46.0537
45.9909
45.9606
46.0087
45.9257
45.965
46.0389
45.9784
46.0589
46.1035
46.136
46.1337
46.1348
46.1471
46.1276
46.096
46.1123
46.1039
46.1486
46.1909
46.2064
46.2215
46.2229
46.15
46.1164
46.0631
46.0235
45.982
45.952
45.9839
45.0886
45.1319
45.1246
45.0347
45.025
44.987
44.9585
44.9163
44.8429
44.8477
44.7774
44.7041
44.6924
44.6477
44.5368
44.4794
44.4629
44.4103
44.3562
44.3157
44.257
44.2261
44.1611
44.1103
44.0529
44.0261
44.0004
43.9322
43.8862
43.8296
43.752
43.7276
43.6918
43.6364
43.6403
43.636
43.5494
43.5362
43.4845
43.4182
43.3275
43.2964
43.2601
43.1908
43.1847
43.1882
43.1443
43.0937
43.0002
42.9155
42.8479
42.7868
42.7444
42.6956
42.6446
42.6737
42.6568
42.6041
42.5564
42.4987
43.2276
43.2114
43.2372
43.28
43.2735
43.2862
43.3377
43.3148
43.2997
43.2702
43.2552
43.3218
43.2485
43.2702
43.3641
43.3878
43.3896
43.4249
43.4255
43.4551
43.4909
43.5466
43.6219
43.6587
43.7135
43.7069
43.7257
43.1128
43.0944
43.1437
43.1493
43.2263
43.2557
43.2587
43.3323
43.3336
43.3671
43.3842
43.4258
43.4921
43.5135
43.5376
43.562
43.5873
43.6458
43.656
43.6598
43.7068
43.7703
43.817
43.8917
43.9426
43.9462
44.0118
44.0713
44.0766
44.1661
44.2242
44.2825
44.3094
44.3606
44.3748
44.3609
44.3651
44.4163
44.4421
44.4576
44.5209
44.591
44.6307
44.7121
44.7258
44.8181
44.8762
44.8174
44.8201
44.8921
44.8274
44.8584
44.9195
44.8821
44.871
44.8642
44.8755
44.865
44.889
44.9676
45.6682
45.7243
45.7977
45.7869
45.7397
45.7605
45.8164
45.769
45.7699
45.8012
45.8372
45.7926
45.8093
45.843
45.8658
45.9464
45.9103
45.8756
45.9132
45.9507
45.9421
45.9359
45.9607
45.9049
45.879
45.9354
45.9369
45.9465
45.9885
45.9689
46.0233
46.0565
46.1345
46.1408
46.1576
46.1885
46.1612
46.1442
46.1655
46.1978
46.1491
46.1208
46.1432
46.0866
46.0661
46.0486
46.0309
46.0427
46.0334
45.9765
46.0151
45.9893
45.9338
45.9278
45.8971
45.8988
45.8619
45.862
45.84
45.757
45.8251
45.7661
45.6663
45.7361
45.741
45.7381
45.7418
45.6895
45.6815
45.7007
45.6698
45.6819
45.6678
45.6235
45.5745
45.5599
45.5549
45.5688
45.531
45.5525
45.5516
45.5592
45.5427
45.5773
45.5739
45.5674
45.539
45.5089
45.4831
45.4801
45.4389
45.46
45.3874
45.3879
45.3533
45.3941
45.4331
45.4324
45.477
45.4299
45.4713
45.4957
45.4958
45.5236
45.4951
45.5459
45.5021
45.4991
45.5389
45.601
45.6208
45.6667
45.7285
45.781
45.8026
45.7938
45.8646
45.9
45.9455
46.0476
45.9777
46.0633
46.0933
46.0705
46.0785
46.0932
46.1394
46.2424
46.3235
46.3229
46.3821
46.4789
46.4988
46.514
46.5961
46.5335
46.5972
46.6225
46.6498
46.64
46.6537
46.7086
46.7497
46.7546
46.7805
46.8036
46.8401
46.862
46.8905
46.8477
46.8437
46.7677
46.8058
46.8201
46.8174
46.8302
46.7903
46.7976
46.7492
46.7685
46.7922
46.819
46.8497
46.8153
46.836
46.7711
46.8154
46.8217
46.784
46.7658
46.7822
46.8037
46.8254
46.7637
46.7742
46.7582
46.7344
46.6798
46.6283
46.5835
46.6393
46.6423
46.6544
46.6837
46.6915
46.6802
46.6092
46.5528
46.4898
46.4579
46.3973
46.2945
46.2919
46.3083
46.2482
46.2665
46.2397
46.172
46.1489
46.1287
46.0677
46.0025
45.9611
45.8975
45.8881
45.8258
45.8127
45.7606
45.6707
45.7027
45.7029
45.708
45.6347
45.5584
45.5277
44.5981
44.597
44.5712
44.5085
44.4377
44.3577
44.29
44.2161
44.2343
44.2233
44.253
44.2167
44.2141
44.205
44.1476
44.1134
44.0493
43.9345
43.9697
43.9639
43.9324
43.8928
43.8619
43.8438
43.7732
43.6728
43.6342
43.5902
43.5271
43.4788
43.4347
43.4329
43.4096
43.4017
43.4071
43.4192
43.4345
43.4394
43.3968
43.3201
43.2853
43.187
43.1993
43.1714
43.1296
43.1713
43.1439
43.1653
43.1887
43.1243
43.1225
43.0993
43.1253
43.1374
43.1014
43.0927
43.1085
43.116
43.1219
43.1546
43.9552
43.9472
43.9545
43.986
44.0076
44.0277
44.0331
44.0718
44.0413
44.0047
44.0092
44.0203
43.9424
43.9576
43.9684
43.951
43.9917
44.0187
43.9911
44.002
44.0279
44.0383
44.0946
44.1316
44.177
44.2339
44.2395
44.2755
43.9171
43.9991
44.0716
44.0627
44.1232
44.153
44.1396
44.1465
44.181
44.1475
44.1719
44.2493
44.3011
44.4345
44.502
44.5731
44.6682
44.7149
44.8003
44.8239
44.8336
44.9187
44.9701
44.995
45.0056
45.0655
45.0914
45.0931
45.1304
45.1666
45.2
45.2015
45.2375
45.2603
45.2314
45.2577
45.2627
45.2623
45.3292
45.2976
45.2909
45.3738
45.3733
45.3688
45.4907
45.5224
45.5404
45.5827
45.6289
45.6866
45.7261
45.7703
45.846
45.8551
45.8269
45.895
45.9192
45.9529
45.9817
46.0114
46.4469
46.4108
46.4758
46.457
46.4358
46.4209
46.462
46.4903
46.4754
46.5273
46.502
46.524
46.5151
46.5298
46.4991
46.4754
46.4534
46.4471
46.4095
46.374
46.4137
46.4039
46.3891
46.4315
46.4544
46.4325
46.4434
46.3787
46.3672
46.3695
46.3877
46.4255
45.5412
45.5463
45.6009
45.6569
45.7139
45.7448
45.7111
45.7311
45.7668
45.7108
45.7105
45.7275
45.7016
45.7527
45.7743
45.7455
45.6837
45.6979
45.7158
45.6913
45.7272
45.7312
45.7693
45.712
45.6995
45.6963
45.6581
45.6635
45.6277
45.5856
45.5203
45.5313
45.4837
45.5133
45.4665
45.4227
45.3923
45.3444
45.361
45.3806
45.3198
45.2701
45.3038
45.2329
45.1883
45.1842
45.1065
45.0932
45.0872
45.0838
45.0617
45.0285
44.9979
44.9655
44.9456
45.0322
44.9605
44.9734
44.8965
44.8368
45.6875
45.6477
45.6039
45.5437
45.4777
45.4706
45.5072
45.4877
45.441
45.4673
45.4166
45.3706
45.349
45.2689
45.1904
45.2133
45.2235
45.1748
45.1464
45.1091
45.0169
45.03
45.0284
45.0049
45.0354
45.0407
45.0728
45.0451
45.0698
45.0779
45.0269
44.5516
44.6018
44.5839
44.6345
44.6726
44.6906
44.6925
44.7323
44.717
44.7506
44.7638
44.7015
44.7571
44.8017
44.7773
44.8317
44.8955
44.837
44.8377
44.8887
44.8676
44.9023
44.9216
44.9988
45.0118
45.0942
45.11
45.2513
45.3074
45.3166
45.3486
45.4175
45.4197
45.445
45.5003
45.4048
45.4214
45.4582
45.473
45.5156
45.5298
45.5905
45.6423
45.7359
45.7655
45.8069
45.8318
45.8165
45.8923
45.8952
45.8995
45.8703
45.9174
45.8814
45.8751
45.9105
45.9331
45.9423
45.965
46.0221
46.5319
46.5037
46.5618
46.5467
46.5244
46.5339
46.5663
46.5449
46.5226
46.5684
46.5863
46.5883
46.6214
46.6112
46.6089
46.6268
46.6074
46.6447
46.6245
46.5885
46.582
46.5428
46.5526
46.4832
46.4411
46.4261
46.3913
46.3044
46.3299
46.2859
46.277
46.219
46.252
46.2594
46.1804
46.2087
46.1958
46.203
46.2045
46.1787
46.1857
46.1517
46.1049
46.0646
46.033
46.017
46.0049
46.0627
45.9567
45.9791
45.994
46.009
45.9957
46.0325
46.0949
46.0505
46.0689
46.0725
46.1012
46.1222
46.1523
46.2001
46.1837
46.2032
46.2379
46.253
46.2728
46.2979
46.3238
46.3151
46.3401
46.3896
46.376
46.3879
46.4241
46.4521
46.4265
46.4759
46.4787
46.4735
46.4991
46.5535
46.5604
46.5596
46.6291
46.6285
46.6468
46.6458
46.6382
46.6752
46.6939
46.778
46.7457
46.7392
46.7711
46.8547
46.8748
46.9004
46.892
46.9321
46.967
46.9652
46.982
46.9805
46.912
46.8671
46.821
46.7435
46.8086
46.7722
46.7337
46.7247
46.6846
46.5933
46.5
46.4516
46.4216
46.3675
46.2885
46.2721
46.2196
46.1635
46.1087
46.028
45.9244
45.8987
45.8456
45.7955
45.7821
45.7238
45.6376
45.5786
45.5091
45.4392
45.3658
45.2908
45.257
45.1545
45.186
45.1272
45.054
44.9896
44.9287
44.8598
44.7627
44.662
44.6005
44.5504
44.4664
44.4252
44.3824
44.29
44.2411
44.1804
44.1389
44.0507
44.0203
43.9979
43.9725
43.9548
43.9301
43.9053
43.8885
43.8813
43.9018
43.9059
43.8931
43.871
43.8382
43.805
43.8111
43.7907
43.7578
43.7786
43.7607
43.7578
43.7209
43.7183
43.7794
43.7185
43.7036
43.7004
43.7034
43.684
43.7321
43.6854
43.6528
43.6686
43.6472
43.7118
43.7039
43.6925
43.7445
43.7689
43.8009
43.8576
43.8699
43.9167
43.9302
43.9626
43.9965
44.0024
44.0427
44.0531
44.1135
44.1515
44.1806
44.2724
44.278
44.3035
44.3795
44.3825
44.3877
43.4501
43.4973
43.5591
43.5413
43.5875
43.5768
43.5639
43.6017
43.6157
43.5897
43.6387
43.6519
43.6702
43.712
43.7939
43.8063
43.8384
43.828
43.8326
43.8745
43.8927
43.9359
43.9669
44.0224
44.0784
44.0684
44.137
44.1375
44.1441
44.185
44.2329
44.2515
44.2822
44.3407
44.3298
44.3339
44.3273
44.4026
44.4662
44.5303
44.5782
44.617
44.6339
44.7108
44.7088
44.6622
44.6629
44.6818
44.7082
44.7229
44.7953
44.7899
44.842
44.8774
44.8558
44.9003
44.8782
44.8601
44.9182
44.9796
46.0681
46.0946
46.1077
46.161
46.1449
46.1993
46.1912
46.1782
46.1692
46.2071
46.1773
46.2492
46.2695
46.2689
46.2327
46.2495
46.2567
46.3112
46.3672
46.3915
46.3789
46.4362
46.4653
46.4374
46.4041
46.4013
46.325
46.4052
46.4109
46.3789
46.3665
46.385
46.0724
46.0576
46.0464
46.1012
46.0926
46.0638
46.0249
45.9598
45.9116
45.8649
45.8532
45.7995
45.8302
45.909
45.8985
45.8921
45.9406
45.8881
45.8456
45.8301
45.8258
45.8061
45.771
45.7803
45.8159
45.7898
45.806
45.7993
45.7922
45.7741
45.7887
45.7865
45.7411
45.7568
45.7791
45.7573
45.7762
45.7946
45.8033
45.772
45.8197
45.8294
45.8289
45.849
45.8817
45.8683
45.8624
45.9418
45.9832
45.964
45.9627
46.004
45.9799
45.9785
46.0288
46.0252
46.0538
46.0633
46.1455
46.1723
46.52
46.5087
46.6007
46.5669
46.5772
46.5831
46.6091
46.5918
46.5852
46.6007
46.5682
46.5368
46.5092
46.4527
46.4555
46.4395
46.3973
46.4387
46.512
46.519
46.5038
46.4996
46.5339
46.5105
46.492
46.5221
46.4978
46.5026
46.5236
46.5164
46.4856
46.401
45.7079
45.6381
45.6369
45.6212
45.5952
45.5738
45.5496
45.5246
45.4391
45.4129
45.3798
45.3475
45.3187
45.2692
45.23
45.1228
45.0747
45.0479
45.0242
44.9607
45.0043
44.9698
44.9697
44.9258
44.8882
44.854
44.8113
44.7415
44.7198
44.7309
44.6393
44.6139
44.5722
44.5546
44.5685
44.5014
44.4977
44.5088
44.5026
44.4667
44.4511
44.437
44.4495
44.5052
44.4746
44.4328
44.376
44.3806
44.3908
44.4562
44.4509
44.4704
44.4797
44.4492
44.4241
44.3771
44.3357
44.3084
44.2731
44.3151
44.9706
44.9749
44.9811
44.9795
44.9868
44.9899
44.9745
44.9576
44.9395
44.911
44.971
44.9411
44.9289
44.9779
44.9817
44.9926
45.0369
44.9896
44.9907
45.0407
44.9705
44.9819
45.0093
44.9852
44.9848
45.0336
44.9978
45.0431
45.0468
45.0565
44.7259
44.7386
44.7607
44.8323
44.8006
44.8553
44.9221
44.899
44.925
44.9592
45.033
45.0672
45.0826
45.1024
45.1419
45.196
45.1758
45.2145
45.2498
45.1631
45.1914
45.169
45.1941
45.2341
45.316
45.3317
45.3369
45.3662
45.4126
45.4598
45.4594
45.528
45.5048
45.5261
45.593
45.614
45.6801
45.7244
45.8436
45.9032
45.8695
45.891
45.9635
45.9545
45.9791
45.9956
45.9996
46.0363
46.0398
46.0198
46.0947
46.1025
46.1017
46.1474
46.1889
46.1996
46.2869
46.3208
46.3688
46.4022
46.893
46.9496
46.9723
46.9102
46.987
47.0475
47.0208
47.069
47.1157
47.1333
47.0777
47.0426
47.0661
47.0262
47.0092
47.0579
47.0914
47.0335
46.9833
47.0351
47.008
47.0266
47.0591
47.0119
46.9407
46.9732
46.9789
46.9615
46.9279
46.9172
46.9382
46.8879
46.9459
46.1966
46.1515
46.1296
46.0748
46.0419
45.9745
45.9826
45.9597
45.9888
45.9703
45.9386
45.9613
45.9318
45.9041
45.9309
45.9294
45.9285
45.9173
45.9289
45.8755
45.8632
45.8637
45.7889
45.6905
45.6245
45.5622
45.4912
45.4296
45.3857
45.3363
45.3206
45.2345
45.1656
45.1362
45.0914
45.045
45.0893
45.0972
45.0831
45.108
45.0638
45.0544
45.0572
45.0426
45.0532
45.026
44.9231
44.9277
44.9403
44.9298
44.9808
44.9826
45.0235
45.0342
45.0334
45.0583
45.062
45.0824
45.0974
45.0879
45.8461
45.8588
45.8606
45.9375
45.9964
45.9956
45.9799
46.0606
46.0125
45.9799
46.0419
45.9645
45.9842
45.9878
45.9867
46.0098
45.9884
46.035
46.0474
46.0567
46.1202
46.1002
46.1362
46.1426
46.1596
46.2042
46.2136
46.2278
46.2376
46.2727
46.2938
45.3369
45.4181
45.4527
45.4397
45.4788
45.4634
45.4779
45.4816
45.4735
45.5255
45.5502
45.5617
45.5709
45.5757
45.5931
45.6963
45.7127
45.7063
45.7023
45.6264
45.6103
45.5395
45.5309
45.5389
45.5086
45.5066
45.4777
45.4571
45.4468
45.4034
45.3814
45.4368
45.3495
45.295
45.2851
45.2941
45.2346
45.2558
45.2757
45.2
45.2255
45.2694
45.31
45.2921
45.2918
45.3075
45.2039
45.1071
45.1028
44.9827
44.9757
44.9492
44.9474
44.9455
44.9213
44.9186
44.8841
44.8563
44.8432
44.8441
45.7769
45.6958
45.6743
45.6727
45.6378
45.6333
45.6192
45.6461
45.6258
45.6231
45.612
45.4986
45.474
45.42
45.4469
45.4085
45.3361
45.2792
45.2231
45.2224
45.21
45.1877
45.1662
45.1532
45.1357
45.1219
45.1026
45.0598
44.9719
44.9376
44.8718
44.8181
44.8066
44.7714
44.7425
44.6838
44.6636
44.6324
44.5806
44.5878
44.5598
44.4896
44.4163
44.353
44.3315
44.2759
44.2807
44.312
44.2736
44.3078
44.2792
44.2303
44.2308
44.165
44.1729
44.129
44.08
44.0728
44.0341
44.0443
43.9939
43.9663
43.9417
43.9308
43.8844
43.828
43.7675
43.7739
43.7262
43.6566
43.6296
43.6438
43.6286
43.6638
43.643
43.634
43.6488
43.6702
43.6573
43.6854
43.6794
43.6859
43.6924
43.6625
43.7139
43.6992
43.7137
43.781
43.8025
43.8257
43.9274
43.8778
43.8758
43.954
43.9835
44.0051
44.0215
44.0807
44.1424
44.1835
44.2724
44.3327
44.3903
44.4564
44.5199
44.536
44.5591
44.6387
44.6792
44.6962
44.7712
44.8569
44.8671
44.9125
44.9058
44.9489
44.9852
45.0381
45.0781
45.0647
44.408
44.4481
44.4983
44.5642
44.633
44.6917
44.781
44.7938
44.8196
44.9122
44.9292
44.9741
45.0172
45.0714
45.1218
45.1596
45.1855
45.2462
45.3051
45.3391
45.4439
45.4901
45.5351
45.5879
45.6323
45.6202
45.6657
45.6754
45.784
45.8218
45.8151
45.8895
45.9428
45.9321
45.9448
45.9833
46.0151
46.0127
46.0265
46.0812
46.0219
46.0191
46.0192
46.0884
46.0333
46.0961
46.1738
46.203
46.1821
46.1955
46.1559
46.1648
46.1977
46.2005
46.2149
46.2492
46.2476
46.2857
46.3278
46.3451
47.1359
47.1717
47.1795
47.1477
47.1781
47.1573
47.1307
47.1129
47.1997
47.1661
47.1752
47.1213
47.1377
47.1004
47.035
47.0498
47.0783
47.0613
47.0608
47.0964
47.0501
47.0536
47.0366
47.0303
46.9518
46.9892
46.9902
46.9867
46.9403
46.9355
46.8586
46.8081
46.8095
46.7481
46.7276
46.7323
46.7405
46.7115
46.6415
46.5807
46.5632
46.5192
46.5117
46.4506
46.4357
46.4539
46.3862
46.3206
46.3976
46.3861
46.3719
46.3332
46.3197
46.324
46.2923
46.2956
46.3119
46.2647
46.2797
46.2654
46.2501
46.2746
46.2047
46.1859
46.1259
46.1595
46.1546
46.1207
46.0385
46.0462
46.0358
46.0992
46.1074
46.1105
46.1288
46.1222
46.0909
46.0001
45.974
45.9139
45.8593
45.8682
45.8833
45.8888
45.9535
45.9168
45.8809
45.8455
45.7788
45.7679
45.8227
45.8934
45.912
45.9558
45.9986
45.9702
45.94
45.9401
46.0017
45.9975
45.9914
46.0347
46.0184
45.9922
46.0699
46.0291
46.0691
46.0609
46.0476
46.0875
46.0906
46.1514
46.1576
46.1942
46.2458
46.3201
46.375
46.4051
46.3951
46.4245
46.5103
46.5049
46.5368
46.5993
46.5966
46.6001
46.6199
46.2752
46.2956
46.283
46.2992
46.2563
46.2459
46.2587
46.2752
46.3187
46.3507
46.431
46.4292
46.4793
46.5051
46.5017
46.4744
46.5082
46.4911
46.5462
46.5616
46.6027
46.6848
46.6724
46.7341
46.6894
46.6637
46.6408
46.5975
46.6582
46.6785
46.7371
46.6869
46.7035
46.7432
46.7729
46.7932
46.825
46.7666
46.7896
46.7741
46.8098
46.8549
46.8591
46.8622
46.81
46.8481
46.8476
46.8616
46.791
46.8196
46.793
46.7705
46.7314
46.6854
46.6451
46.6617
46.6905
46.7234
46.7177
46.7036
47.0875
47.0802
47.0996
47.1418
47.1903
47.1745
47.1748
47.2195
47.1643
47.1211
47.1077
47.1443
47.0686
47.0775
47.1247
47.1171
47.0643
46.9993
46.9725
46.9449
46.8947
46.8699
46.8867
46.8189
46.8655
46.8939
46.9235
46.9521
46.9648
46.9961
46.9717
46.9818
46.9547
46.0949
46.0306
45.9964
45.9614
45.9731
45.9527
45.9326
45.9153
45.8319
45.7774
45.7658
45.7582
45.6795
45.6637
45.5733
45.5372
45.4662
45.4245
45.3865
45.3831
45.3483
45.32
45.2985
45.1839
45.1678
45.0932
45.057
45.0497
45.0196
44.9566
44.9383
44.8749
44.8766
44.8904
44.7786
44.7475
44.7637
44.7326
44.6582
44.6985
44.6423
44.5392
44.5628
44.5735
44.5667
44.5735
44.5733
44.5613
44.5785
44.5174
44.4985
44.5035
44.4564
44.4138
44.361
44.3067
44.2249
44.2275
44.2189
44.2008
44.963
44.9771
44.9855
44.9923
44.9872
44.9883
44.9794
44.9513
44.9079
44.9329
44.9472
44.9408
44.9644
44.9785
45.0185
45.0031
45.0075
45.0323
45.0387
45.0666
45.0439
45.0691
45.0903
45.1073
45.0587
45.0949
45.0917
45.0743
45.1339
45.1866
44.7841
44.8135
44.838
44.7926
44.8225
44.8672
44.8233
44.8584
44.8833
44.906
44.9411
44.9599
44.9435
44.9596
44.9918
45.0222
45.024
45.0533
45.0042
45.0697
45.0806
45.0432
45.0753
45.1201
45.1275
45.1622
45.1873
45.1267
45.1766
45.177
45.19
45.1961
45.2036
45.1823
45.1673
45.1516
45.1621
45.1735
45.2448
45.2615
45.2725
45.3548
45.3609
45.3201
45.365
45.3716
45.3638
45.371
45.4195
45.3952
45.4431
45.5173
45.5021
45.5423
45.544
45.5737
45.6299
45.6603
45.7003
45.6989
46.1288
46.1292
46.1391
46.1613
46.1991
46.1914
46.2857
46.3411
46.3603
46.3052
46.3374
46.3791
46.353
46.376
46.3945
46.3333
46.3861
46.3671
46.3994
46.3767
46.3515
46.3474
46.3267
46.3257
46.3568
46.3002
46.3793
46.4461
46.408
46.4233
46.4604
46.4873
45.7232
45.7925
45.838
45.8807
45.9915
46.05
46.0807
46.0829
46.0799
46.0631
46.1099
46.155
46.172
46.2234
46.2477
46.2205
46.2512
46.302
46.32
46.2629
46.3228
46.3441
46.4009
46.3722
46.4101
46.4313
46.396
46.4083
46.4417
46.4253
46.3938
46.3806
46.3982
46.3963
46.3218
46.3236
46.3701
46.4073
46.3528
46.3783
46.4138
46.3871
46.4087
46.3691
46.3273
46.3592
46.3831
46.3855
46.406
46.4231
46.4458
46.4386
46.5009
46.5214
46.4668
46.426
46.4396
46.4605
46.4388
46.4136
47.2278
47.1607
47.0944
47.0609
46.9579
46.9117
46.8598
46.8386
46.817
46.7706
46.739
46.745
46.6967
46.6918
46.6618
46.681
46.6672
46.6264
46.6199
46.6262
46.6107
46.5939
46.5945
46.6697
46.64
46.6052
46.5808
46.5727
46.5316
46.5629
46.569
46.6029
46.6004
46.5694
46.1504
46.1018
46.0746
46.0587
46.1509
46.0954
46.0747
46.0638
46.0632
46.1578
46.1837
46.2012
46.216
46.2501
46.2553
46.2209
46.2252
46.2245
46.1604
46.1611
46.1372
46.119
46.1067
46.0738
46.0206
45.9979
45.9576
45.9553
45.9791
45.9649
45.9535
45.9783
45.981
45.949
45.9646
45.9551
45.9292
45.9217
45.9171
45.8639
45.888
45.8924
45.8306
45.8532
45.7934
45.7334
45.7198
45.6553
45.6142
45.5735
45.4718
45.4511
45.4851
45.4372
45.4078
45.3977
45.4104
45.4097
45.4074
45.4666
45.9215
45.9243
45.9341
45.9917
45.9381
45.9054
45.8181
45.8309
45.7905
45.7897
45.7969
45.7808
45.752
45.7974
45.8372
45.8815
45.8969
45.9716
45.9963
46.032
46.0689
46.1424
46.2022
46.2605
46.3309
46.364
46.4279
46.4999
46.5149
46.5806
46.6645
46.7022
45.7797
45.858
45.8815
45.9019
45.971
45.9869
46.0136
46.0841
46.1208
46.1654
46.2146
46.2104
46.3405
46.4126
46.4131
46.4789
46.5916
46.6084
46.7157
46.7473
46.7627
46.7924
46.7954
46.7737
46.7628
46.7477
46.727
46.7258
46.6951
46.6777
46.6323
46.5965
46.5954
46.644
46.7939
46.7906
46.7733
46.7639
46.7793
46.7804
46.7573
46.7185
46.6776
46.6408
46.6106
46.5708
46.5613
46.5104
46.5392
46.5187
46.4818
46.4121
46.3854
46.3603
46.2811
46.2677
46.2734
46.2363
46.2267
46.1599
47.0957
47.0391
47.0398
47.0731
47.0445
47.0283
47.0588
47.0485
46.9484
46.8675
46.8591
46.8452
46.7786
46.7951
46.7424
46.7541
46.708
46.7007
46.6972
46.6558
46.6268
46.6466
46.6818
46.7107
46.7456
46.7544
46.7599
46.7687
46.79
46.8211
46.8023
46.781
46.7718
45.708
45.6528
45.6341
45.6479
45.5895
45.5465
45.529
45.5105
45.4798
45.497
45.5233
45.5734
45.5043
45.4449
45.4585
45.45
45.4284
45.3966
45.4695
45.4985
45.4672
45.5625
45.5331
45.5256
45.5254
45.4949
45.505
45.464
45.4943
45.4693
45.3828
45.3799
45.359
45.2681
45.2169
45.208
45.2193
45.1925
45.1746
45.1286
45.1025
45.106
45.0407
45.0267
44.9505
44.8799
44.9032
44.6133
44.6028
44.5729
44.5102
44.4747
44.4332
44.3794
44.2965
44.2245
44.2077
44.2415
44.1971
44.1637
45.1439
45.1156
45.1337
45.1022
45.1137
45.125
45.1278
45.1467
45.131
45.1102
45.0671
44.9665
44.96
44.9392
44.9347
44.8671
44.8202
44.7904
44.7085
44.6459
44.6812
44.5589
44.4963
44.4781
44.4527
44.4676
44.4242
44.4059
44.3413
44.2957
44.2873
44.2431
44.2007
44.2367
44.2141
44.1849
44.1824
44.1487
44.1156
44.1064
44.0358
44.0577
44.0626
43.9968
44.0317
44.0322
43.9854
44.1605
44.1008
44.0758
44.0938
44.0407
44.0655
44.1166
44.1387
44.2112
44.2034
44.137
44.1484
44.1545
44.1267
44.1619
44.1075
44.0965
44.0922
44.048
44.0664
44.0347
44.0047
43.9737
43.9696
43.9559
43.9695
43.998
43.9754
43.9406
43.7442
43.7418
43.7398
43.7512
43.7248
43.7656
43.81
43.7833
43.8001
43.7294
43.7264
43.7965
43.8267
43.8601
43.9419
43.9101
43.9545
43.9651
43.9762
44.0251
44.0352
44.0806
44.1185
44.1318
44.1853
44.1559
44.1637
44.1878
44.1646
44.2241
44.2162
44.2668
44.3429
44.3333
44.3536
44.4482
44.4531
44.4664
44.4865
44.5154
44.5236
44.5849
44.5898
44.6271
44.691
44.7123
44.8152
44.8525
44.8803
44.9093
44.9306
44.9984
45.0631
45.1275
45.1867
45.2754
45.3154
45.4045
45.4298
45.4951
45.7347
45.8245
45.8757
45.9043
45.9892
46.0054
46.0374
46.0859
46.1431
46.1553
46.1833
46.2142
46.2508
46.2954
46.2866
46.4307
46.46
46.4868
46.5562
46.5905
46.6063
46.5872
45.3795
45.3825
45.3596
45.3559
45.3891
45.4222
45.4601
45.5046
42.0986
42.0863
40.5986
40.6459
40.6898
40.6692
40.6685
40.7009
40.6992
40.6728
40.6737
40.6951
40.7335
40.7572
40.7956
40.8462
40.8483
40.9177
40.9781
41.0374
41.0584
41.1201
41.17
41.2073
41.2278
41.2737
41.2882
41.3004
40.5879
40.6572
40.745
40.7673
40.8105
40.857
40.8914
40.9437
40.9981
38.5001
37.061
37.1322
37.1953
37.2099
37.2278
37.2723
37.3176
37.3018
37.3269
37.3497
37.3843
37.4397
37.4902
37.5383
38.3983
38.471
38.541
38.6288
38.6829
38.7204
38.768
38.78
41.7605
41.8661
43.5065
43.5675
43.6074
43.6469
43.6946
43.7083
43.7845
43.8157
43.8893
43.9782
44.0269
44.0739
44.0702
44.0701
44.0821
44.0965
44.0674
44.0695
44.0664
44.0374
44.0339
44.0556
44.0341
44.0135
44.033
44.0093
44.9033
44.903
44.9003
44.8938
44.8996
44.9333
44.8701
44.8697
44.8647
48.3613
50.8693
50.762
